1,8,0.00,265.37,109.77,381.33,1,-1,-1,-1
1,7,1252.28,509.20,59.49,133.61,1,-1,-1,-1
1,6,1869.09,376.41,49.91,222.56,1,-1,-1,-1
1,5,19.57,469.71,87.46,343.43,1,-1,-1,-1
1,4,257.00,420.69,101.50,296.43,1,-1,-1,-1
1,3,108.48,461.53,97.76,297.45,1,-1,-1,-1
1,2,1233.55,467.51,133.65,218.98,1,-1,-1,-1
1,1,1691.97,381.05,152.23,352.62,1,-1,-1,-1
2,8,2.30,289.91,98.21,357.46,1,-1,-1,-1
2,6,1875.44,376.36,43.85,201.27,1,-1,-1,-1
2,5,11.99,481.75,104.02,385.41,1,-1,-1,-1
2,4,252.59,465.98,101.96,251.80,1,-1,-1,-1
2,3,88.21,446.35,105.42,326.35,1,-1,-1,-1
2,2,1265.80,464.46,85.93,184.44,1,-1,-1,-1
2,1,1695.06,374.87,180.23,378.32,1,-1,-1,-1
3,9,1275.12,449.54,77.48,212.88,1,-1,-1,-1
3,7,1248.68,487.23,56.65,162.73,1,-1,-1,-1
3,6,1875.18,376.38,43.39,197.06,1,-1,-1,-1
3,5,-7.56,337.99,127.29,553.51,1,-1,-1,-1
3,4,259.23,449.58,103.64,263.67,1,-1,-1,-1
3,3,91.32,469.91,103.68,303.88,1,-1,-1,-1
3,1,1704.00,371.77,179.78,363.72,1,-1,-1,-1
4,6,1873.05,374.18,45.00,200.53,1,-1,-1,-1
4,5,-9.25,295.41,126.77,598.18,1,-1,-1,-1
4,4,255.89,434.29,109.65,285.19,1,-1,-1,-1
4,3,93.56,470.73,105.70,301.32,1,-1,-1,-1
4,1,1698.05,381.38,166.54,337.01,1,-1,-1,-1
5,6,1870.62,364.84,47.16,205.23,1,-1,-1,-1
5,5,-8.11,257.61,129.29,646.33,1,-1,-1,-1
5,4,263.35,431.27,113.19,289.73,1,-1,-1,-1
5,3,95.69,474.01,99.31,285.70,1,-1,-1,-1
5,1,1694.86,388.87,161.34,336.08,1,-1,-1,-1
6,9,1276.23,435.98,90.34,247.57,1,-1,-1,-1
6,6,1867.96,353.31,49.82,213.94,1,-1,-1,-1
6,5,-6.15,240.84,132.50,683.09,1,-1,-1,-1
6,4,252.43,438.53,103.61,271.93,1,-1,-1,-1
6,3,97.29,479.11,102.56,290.52,1,-1,-1,-1
6,1,1701.11,397.31,156.81,331.27,1,-1,-1,-1
7,9,1274.22,433.47,90.39,244.61,1,-1,-1,-1
7,6,1865.68,347.92,52.48,227.26,1,-1,-1,-1
7,5,-1.52,211.66,142.32,713.98,1,-1,-1,-1
7,4,259.87,444.93,100.77,264.08,1,-1,-1,-1
7,3,91.68,478.98,100.69,295.98,1,-1,-1,-1
7,1,1695.09,393.33,166.04,336.45,1,-1,-1,-1
8,9,1275.63,436.94,88.46,240.09,1,-1,-1,-1
8,6,1863.82,342.24,54.59,237.88,1,-1,-1,-1
8,5,-2.12,197.42,146.69,741.22,1,-1,-1,-1
8,4,264.51,445.52,97.02,258.26,1,-1,-1,-1
8,3,96.04,469.60,102.46,302.24,1,-1,-1,-1
8,1,1688.71,393.75,168.06,341.03,1,-1,-1,-1
9,9,1281.04,433.30,93.13,232.34,1,-1,-1,-1
9,6,1861.61,340.27,56.69,244.63,1,-1,-1,-1
9,5,0.56,185.99,154.72,748.08,1,-1,-1,-1
9,4,268.99,443.47,96.92,266.29,1,-1,-1,-1
9,3,97.10,461.78,102.48,304.88,1,-1,-1,-1
9,1,1677.10,402.42,153.72,335.34,1,-1,-1,-1
10,9,1279.87,440.28,91.27,231.57,1,-1,-1,-1
10,6,1871.29,353.54,50.66,237.92,1,-1,-1,-1
10,5,-0.01,185.45,160.53,771.37,1,-1,-1,-1
10,4,271.01,446.95,93.97,269.12,1,-1,-1,-1
10,3,93.79,442.82,107.71,333.35,1,-1,-1,-1
10,1,1686.16,398.34,155.39,340.48,1,-1,-1,-1
11,9,1283.80,436.97,91.34,237.03,1,-1,-1,-1
11,6,1876.75,368.58,45.75,220.35,1,-1,-1,-1
11,5,-0.95,171.13,163.73,779.03,1,-1,-1,-1
11,4,268.18,455.31,88.72,260.83,1,-1,-1,-1
11,3,95.94,434.22,106.80,347.97,1,-1,-1,-1
11,1,1676.21,398.61,145.14,337.74,1,-1,-1,-1
12,9,1286.84,443.18,89.21,234.93,1,-1,-1,-1
12,6,1868.23,358.22,50.64,245.20,1,-1,-1,-1
12,5,-1.06,191.12,166.51,773.10,1,-1,-1,-1
12,4,266.13,450.07,84.52,257.89,1,-1,-1,-1
12,3,91.63,428.94,110.98,363.29,1,-1,-1,-1
12,1,1684.36,395.90,148.32,337.08,1,-1,-1,-1
13,9,1290.96,440.37,89.19,239.29,1,-1,-1,-1
13,6,1863.35,357.89,54.43,264.12,1,-1,-1,-1
13,5,0.77,182.79,172.55,771.30,1,-1,-1,-1
13,4,278.12,435.85,86.93,271.89,1,-1,-1,-1
13,3,94.52,434.39,108.62,357.42,1,-1,-1,-1
13,1,1688.12,397.76,147.60,349.23,1,-1,-1,-1
14,9,1289.55,448.82,99.52,232.41,1,-1,-1,-1
14,6,1860.32,350.23,57.09,266.55,1,-1,-1,-1
14,5,-0.44,183.83,175.49,780.25,1,-1,-1,-1
14,4,286.71,440.11,84.33,274.00,1,-1,-1,-1
14,3,93.32,440.98,105.58,343.11,1,-1,-1,-1
14,1,1687.20,394.08,142.24,347.03,1,-1,-1,-1
15,9,1288.69,446.25,105.71,225.70,1,-1,-1,-1
15,6,1859.66,348.22,58.28,258.07,1,-1,-1,-1
15,5,1.85,179.15,182.70,780.25,1,-1,-1,-1
15,4,292.09,448.25,82.03,265.28,1,-1,-1,-1
15,3,99.80,429.45,101.20,343.64,1,-1,-1,-1
15,1,1687.65,393.16,145.54,350.91,1,-1,-1,-1
16,9,1287.10,445.43,109.56,220.27,1,-1,-1,-1
16,6,1857.83,371.25,59.99,245.49,1,-1,-1,-1
16,5,1.40,164.60,187.46,778.19,1,-1,-1,-1
16,4,293.29,449.45,86.64,263.60,1,-1,-1,-1
16,3,105.15,410.84,97.04,353.65,1,-1,-1,-1
16,1,1682.94,392.46,142.96,357.39,1,-1,-1,-1
17,9,1289.44,455.65,116.71,222.48,1,-1,-1,-1
17,6,1852.30,364.80,64.43,260.67,1,-1,-1,-1
17,5,0.71,181.91,191.12,771.87,1,-1,-1,-1
17,4,290.61,436.11,89.37,273.42,1,-1,-1,-1
17,1,1678.09,389.37,136.65,355.20,1,-1,-1,-1
18,9,1290.11,450.81,116.04,216.91,1,-1,-1,-1
18,6,1851.38,375.04,66.10,259.13,1,-1,-1,-1
18,5,1.34,191.27,196.04,756.86,1,-1,-1,-1
18,4,300.95,449.50,85.24,267.28,1,-1,-1,-1
18,1,1673.40,384.03,144.41,357.64,1,-1,-1,-1
19,9,1293.03,449.98,113.62,213.73,1,-1,-1,-1
19,6,1841.63,357.03,73.70,290.74,1,-1,-1,-1
19,5,2.31,192.75,201.75,749.68,1,-1,-1,-1
19,4,310.43,444.35,88.35,276.69,1,-1,-1,-1
19,1,1663.63,380.67,143.04,368.30,1,-1,-1,-1
20,13,1286.99,506.44,46.16,156.21,1,-1,-1,-1
20,9,1296.02,447.66,109.97,210.70,1,-1,-1,-1
20,6,1848.65,363.59,70.94,313.43,1,-1,-1,-1
20,5,6.80,195.18,214.49,744.22,1,-1,-1,-1
20,4,311.31,451.28,88.12,273.46,1,-1,-1,-1
20,1,1658.00,384.57,143.02,378.02,1,-1,-1,-1
21,13,1285.71,503.17,47.12,155.87,1,-1,-1,-1
21,9,1294.35,460.06,115.67,214.19,1,-1,-1,-1
21,6,1850.49,366.29,70.00,342.16,1,-1,-1,-1
21,5,15.33,195.69,222.52,741.75,1,-1,-1,-1
21,4,313.29,452.56,88.40,268.57,1,-1,-1,-1
21,1,1653.65,370.08,147.26,386.87,1,-1,-1,-1
22,9,1284.02,448.02,112.97,218.62,1,-1,-1,-1
22,6,1849.80,365.99,70.72,368.80,1,-1,-1,-1
22,5,9.70,198.20,232.13,750.16,1,-1,-1,-1
22,4,311.45,443.30,87.76,270.65,1,-1,-1,-1
22,1,1652.28,370.19,151.46,391.43,1,-1,-1,-1
23,9,1292.58,453.22,117.06,217.66,1,-1,-1,-1
23,6,1840.32,345.08,76.84,400.02,1,-1,-1,-1
23,5,9.16,196.04,244.02,744.15,1,-1,-1,-1
23,4,313.14,441.51,89.70,274.78,1,-1,-1,-1
23,1,1648.50,375.63,160.96,383.55,1,-1,-1,-1
24,9,1294.03,455.13,119.92,216.03,1,-1,-1,-1
24,6,1833.05,334.57,82.66,421.56,1,-1,-1,-1
24,5,10.65,187.00,258.81,751.20,1,-1,-1,-1
24,4,315.43,449.94,93.15,275.56,1,-1,-1,-1
24,1,1643.32,372.99,162.11,388.39,1,-1,-1,-1
25,13,1303.28,511.05,54.33,141.21,1,-1,-1,-1
25,9,1298.22,461.11,116.82,220.93,1,-1,-1,-1
25,6,1827.90,327.43,87.68,440.17,1,-1,-1,-1
25,5,9.55,188.53,270.83,752.67,1,-1,-1,-1
25,4,306.79,444.81,94.28,281.89,1,-1,-1,-1
25,1,1643.59,378.95,158.15,385.42,1,-1,-1,-1
26,13,1308.79,509.76,53.64,135.53,1,-1,-1,-1
26,9,1300.69,463.70,113.78,224.92,1,-1,-1,-1
26,6,1827.59,323.19,89.63,442.98,1,-1,-1,-1
26,5,9.18,181.47,276.64,750.90,1,-1,-1,-1
26,4,322.44,443.92,85.04,277.11,1,-1,-1,-1
26,1,1645.05,381.70,163.02,384.50,1,-1,-1,-1
27,9,1301.46,461.77,111.51,228.17,1,-1,-1,-1
27,6,1832.24,330.90,87.91,440.67,1,-1,-1,-1
27,5,9.45,182.34,289.35,733.11,1,-1,-1,-1
27,4,323.01,451.01,87.58,280.98,1,-1,-1,-1
27,1,1636.56,383.14,155.67,383.97,1,-1,-1,-1
28,9,1303.05,456.40,101.91,228.24,1,-1,-1,-1
28,6,1829.30,330.85,89.77,449.53,1,-1,-1,-1
28,5,15.02,180.44,310.45,728.52,1,-1,-1,-1
28,4,325.52,459.94,85.98,266.25,1,-1,-1,-1
28,1,1633.42,376.42,162.66,389.09,1,-1,-1,-1
29,9,1305.87,453.57,94.36,228.86,1,-1,-1,-1
29,6,1826.93,315.79,91.72,461.70,1,-1,-1,-1
29,5,15.74,185.19,329.41,730.99,1,-1,-1,-1
29,4,332.31,467.57,79.67,253.51,1,-1,-1,-1
29,1,1632.64,375.54,166.34,386.54,1,-1,-1,-1
30,9,1314.28,456.78,96.75,228.36,1,-1,-1,-1
30,6,1815.09,318.03,99.50,453.44,1,-1,-1,-1
30,5,12.92,190.93,337.40,729.57,1,-1,-1,-1
30,4,337.86,462.72,76.07,243.35,1,-1,-1,-1
30,1,1623.00,375.23,171.87,387.76,1,-1,-1,-1
31,9,1317.40,457.91,98.80,226.93,1,-1,-1,-1
31,6,1819.53,310.26,99.05,469.06,1,-1,-1,-1
31,5,21.80,193.41,336.46,727.64,1,-1,-1,-1
31,4,342.27,478.59,72.83,231.18,1,-1,-1,-1
31,1,1624.70,369.78,167.04,394.37,1,-1,-1,-1
32,9,1319.19,459.15,100.08,225.81,1,-1,-1,-1
32,6,1809.19,299.10,105.96,476.87,1,-1,-1,-1
32,5,20.81,192.30,349.27,729.80,1,-1,-1,-1
32,4,346.12,479.65,69.71,228.16,1,-1,-1,-1
32,1,1626.49,366.02,171.28,393.06,1,-1,-1,-1
33,9,1320.10,459.59,100.56,226.02,1,-1,-1,-1
33,6,1813.26,295.70,105.40,478.90,1,-1,-1,-1
33,5,21.72,200.80,356.01,719.58,1,-1,-1,-1
33,4,351.08,458.93,69.27,245.76,1,-1,-1,-1
33,1,1622.80,364.77,176.45,393.94,1,-1,-1,-1
34,9,1316.74,457.86,93.10,228.67,1,-1,-1,-1
34,6,1805.70,293.21,110.63,490.64,1,-1,-1,-1
34,5,32.24,205.19,374.14,723.43,1,-1,-1,-1
34,1,1614.78,360.16,180.14,400.65,1,-1,-1,-1
35,9,1316.88,458.44,88.26,231.40,1,-1,-1,-1
35,6,1796.29,293.15,117.79,495.04,1,-1,-1,-1
35,5,42.44,210.90,377.13,723.59,1,-1,-1,-1
35,1,1612.07,361.06,180.93,395.66,1,-1,-1,-1
36,9,1321.03,459.50,93.38,230.25,1,-1,-1,-1
36,6,1800.64,295.06,117.45,493.12,1,-1,-1,-1
36,5,55.22,219.12,385.75,724.33,1,-1,-1,-1
36,1,1613.31,357.85,179.35,409.63,1,-1,-1,-1
37,9,1330.31,464.14,82.00,215.93,1,-1,-1,-1
37,6,1801.34,291.37,117.87,500.25,1,-1,-1,-1
37,5,70.74,213.19,394.89,714.46,1,-1,-1,-1
37,1,1610.43,356.72,178.01,416.57,1,-1,-1,-1
38,9,1329.60,461.21,75.01,214.62,1,-1,-1,-1
38,6,1801.22,289.53,118.37,507.90,1,-1,-1,-1
38,5,70.05,227.38,408.46,692.59,1,-1,-1,-1
38,1,1612.94,354.66,173.16,419.29,1,-1,-1,-1
39,9,1317.70,461.08,72.32,210.86,1,-1,-1,-1
39,6,1802.09,297.70,118.09,504.46,1,-1,-1,-1
39,5,74.60,227.54,425.21,692.24,1,-1,-1,-1
39,1,1610.91,357.66,172.79,421.67,1,-1,-1,-1
40,18,101.27,479.85,97.83,278.22,1,-1,-1,-1
40,9,1327.35,459.48,67.50,211.30,1,-1,-1,-1
40,6,1800.32,298.86,116.38,498.70,1,-1,-1,-1
40,5,94.56,234.49,425.10,682.52,1,-1,-1,-1
40,1,1619.92,357.97,168.68,424.60,1,-1,-1,-1
41,18,106.65,492.74,86.54,258.54,1,-1,-1,-1
41,9,1327.19,457.90,68.38,223.02,1,-1,-1,-1
41,6,1795.30,292.67,118.21,496.18,1,-1,-1,-1
41,5,130.26,237.46,398.82,679.30,1,-1,-1,-1
41,1,1624.62,358.00,166.32,424.67,1,-1,-1,-1
42,18,104.24,493.94,86.89,252.44,1,-1,-1,-1
42,17,1307.23,490.72,54.78,178.74,1,-1,-1,-1
42,9,1326.60,455.52,68.83,231.02,1,-1,-1,-1
42,6,1793.42,298.16,121.86,496.09,1,-1,-1,-1
42,5,156.32,238.99,377.94,685.38,1,-1,-1,-1
42,1,1616.82,359.78,166.01,427.34,1,-1,-1,-1
43,18,101.33,489.54,96.74,265.33,1,-1,-1,-1
43,17,1306.71,490.60,55.19,180.24,1,-1,-1,-1
43,9,1326.71,454.20,69.35,236.96,1,-1,-1,-1
43,6,1785.20,298.72,128.68,503.18,1,-1,-1,-1
43,5,186.39,239.53,358.67,687.58,1,-1,-1,-1
43,1,1613.09,360.69,162.36,423.61,1,-1,-1,-1
44,20,1361.77,463.48,72.72,216.33,1,-1,-1,-1
44,18,105.64,494.45,92.18,253.28,1,-1,-1,-1
44,17,1311.97,471.81,62.33,195.37,1,-1,-1,-1
44,6,1784.64,301.62,131.38,500.26,1,-1,-1,-1
44,5,212.34,236.30,336.36,678.58,1,-1,-1,-1
44,1,1610.84,358.93,152.28,426.26,1,-1,-1,-1
45,21,27.76,513.94,84.24,241.91,1,-1,-1,-1
45,20,1363.09,464.35,72.06,214.48,1,-1,-1,-1
45,18,111.74,499.59,87.50,242.21,1,-1,-1,-1
45,17,1312.61,464.57,66.55,203.46,1,-1,-1,-1
45,6,1778.92,289.39,136.38,500.63,1,-1,-1,-1
45,5,243.69,234.43,310.98,671.27,1,-1,-1,-1
45,1,1609.57,360.03,154.21,434.72,1,-1,-1,-1
46,21,32.19,526.03,79.38,230.49,1,-1,-1,-1
46,20,1363.47,464.71,71.64,214.53,1,-1,-1,-1
46,18,114.02,513.57,86.17,242.01,1,-1,-1,-1
46,17,1312.58,464.66,68.78,206.47,1,-1,-1,-1
46,6,1775.91,284.50,140.02,503.81,1,-1,-1,-1
46,5,269.68,219.07,284.52,671.59,1,-1,-1,-1
46,1,1604.54,359.51,159.41,443.97,1,-1,-1,-1
47,21,37.11,523.47,78.07,236.75,1,-1,-1,-1
47,20,1362.70,464.31,71.40,215.10,1,-1,-1,-1
47,18,110.51,513.89,86.07,241.09,1,-1,-1,-1
47,17,1312.30,465.78,69.91,207.32,1,-1,-1,-1
47,6,1776.81,294.65,141.07,503.04,1,-1,-1,-1
47,5,289.91,218.93,274.05,678.30,1,-1,-1,-1
47,1,1597.95,347.23,164.16,449.50,1,-1,-1,-1
48,21,34.16,524.43,78.28,238.25,1,-1,-1,-1
48,20,1362.92,468.10,70.74,218.38,1,-1,-1,-1
48,18,111.05,509.36,86.44,241.11,1,-1,-1,-1
48,17,1311.79,466.73,70.43,206.84,1,-1,-1,-1
48,6,1776.23,281.49,142.35,512.16,1,-1,-1,-1
48,5,320.77,220.02,260.70,675.92,1,-1,-1,-1
48,1,1592.90,347.40,168.62,451.11,1,-1,-1,-1
49,22,232.58,450.22,104.17,131.27,1,-1,-1,-1
49,21,35.17,523.12,78.62,240.02,1,-1,-1,-1
49,20,1363.54,469.27,70.00,220.61,1,-1,-1,-1
49,18,103.12,494.08,96.04,255.87,1,-1,-1,-1
49,17,1320.03,473.42,70.38,200.20,1,-1,-1,-1
49,6,1772.22,273.96,145.38,516.12,1,-1,-1,-1
49,5,342.92,222.96,249.81,674.44,1,-1,-1,-1
49,1,1589.29,345.79,172.28,451.85,1,-1,-1,-1
50,22,227.87,448.08,103.65,128.34,1,-1,-1,-1
50,21,35.14,521.14,80.13,241.09,1,-1,-1,-1
50,20,1365.59,456.70,71.48,224.73,1,-1,-1,-1
50,18,105.72,500.40,92.83,252.94,1,-1,-1,-1
50,17,1323.51,477.66,70.16,194.82,1,-1,-1,-1
50,6,1771.45,275.08,146.86,524.29,1,-1,-1,-1
50,5,342.66,223.36,249.92,680.91,1,-1,-1,-1
50,1,1582.81,347.98,171.75,449.52,1,-1,-1,-1
51,22,237.85,455.16,92.78,122.42,1,-1,-1,-1
51,21,34.45,521.52,80.65,242.10,1,-1,-1,-1
51,20,1363.97,460.51,70.11,225.40,1,-1,-1,-1
51,18,106.61,498.41,90.60,252.87,1,-1,-1,-1
51,17,1316.64,473.85,70.48,196.71,1,-1,-1,-1
51,6,1773.42,273.67,146.42,515.63,1,-1,-1,-1
51,5,359.01,240.11,262.39,669.93,1,-1,-1,-1
51,1,1578.49,348.55,172.42,448.81,1,-1,-1,-1
52,22,228.50,449.30,97.66,127.50,1,-1,-1,-1
52,21,35.82,520.71,79.31,243.74,1,-1,-1,-1
52,20,1363.89,461.84,69.36,226.83,1,-1,-1,-1
52,18,103.41,481.28,93.04,265.16,1,-1,-1,-1
52,17,1314.08,471.65,70.65,198.01,1,-1,-1,-1
52,6,1770.41,276.27,148.38,517.52,1,-1,-1,-1
52,5,368.31,240.75,269.91,658.73,1,-1,-1,-1
52,1,1574.63,347.74,172.20,454.51,1,-1,-1,-1
53,22,226.55,465.05,91.68,124.40,1,-1,-1,-1
53,21,33.92,521.76,79.97,245.52,1,-1,-1,-1
53,20,1363.39,461.48,68.78,227.90,1,-1,-1,-1
53,18,98.84,466.83,102.20,276.37,1,-1,-1,-1
53,17,1320.97,475.03,70.65,194.13,1,-1,-1,-1
53,6,1770.99,275.33,148.60,508.75,1,-1,-1,-1
53,5,386.77,247.90,278.19,648.87,1,-1,-1,-1
53,1,1578.26,355.97,176.87,443.47,1,-1,-1,-1
54,22,226.14,454.05,95.59,124.65,1,-1,-1,-1
54,21,32.75,521.56,79.54,244.66,1,-1,-1,-1
54,20,1363.10,461.02,68.35,229.17,1,-1,-1,-1
54,18,96.81,466.01,107.70,276.90,1,-1,-1,-1
54,17,1315.68,470.69,70.28,196.82,1,-1,-1,-1
54,6,1768.94,282.44,150.07,505.10,1,-1,-1,-1
54,5,398.14,262.01,280.84,636.87,1,-1,-1,-1
54,1,1570.88,348.07,177.83,445.01,1,-1,-1,-1
55,22,227.57,466.64,88.63,118.64,1,-1,-1,-1
55,21,32.73,524.40,78.40,244.36,1,-1,-1,-1
55,20,1362.81,460.01,67.84,230.51,1,-1,-1,-1
55,18,102.14,479.86,99.94,271.69,1,-1,-1,-1
55,17,1314.05,468.23,70.05,198.70,1,-1,-1,-1
55,6,1766.59,290.76,151.96,512.28,1,-1,-1,-1
55,5,418.88,269.33,274.66,620.44,1,-1,-1,-1
55,1,1569.18,355.74,184.33,451.92,1,-1,-1,-1
56,22,225.77,459.25,90.51,119.23,1,-1,-1,-1
56,21,31.43,523.94,78.72,241.93,1,-1,-1,-1
56,20,1362.80,459.13,67.50,231.82,1,-1,-1,-1
56,18,111.00,511.45,92.55,253.89,1,-1,-1,-1
56,17,1313.21,465.75,70.28,201.26,1,-1,-1,-1
56,6,1764.50,282.93,153.85,516.85,1,-1,-1,-1
56,5,454.12,267.89,261.08,608.47,1,-1,-1,-1
56,1,1573.28,357.01,183.06,442.77,1,-1,-1,-1
57,22,222.16,454.53,89.42,116.60,1,-1,-1,-1
57,21,31.65,516.82,78.00,249.39,1,-1,-1,-1
57,20,1364.50,445.14,69.46,236.57,1,-1,-1,-1
57,18,106.82,520.60,84.06,240.38,1,-1,-1,-1
57,17,1313.19,465.57,70.11,202.18,1,-1,-1,-1
57,6,1757.20,283.70,158.98,528.85,1,-1,-1,-1
57,5,466.37,275.99,261.68,616.05,1,-1,-1,-1
57,1,1561.33,355.62,182.43,446.71,1,-1,-1,-1
58,23,380.78,446.29,94.99,276.87,1,-1,-1,-1
58,21,29.61,522.81,79.05,245.14,1,-1,-1,-1
58,20,1362.31,451.86,68.72,234.91,1,-1,-1,-1
58,18,112.45,507.77,82.56,245.20,1,-1,-1,-1
58,17,1320.30,467.79,70.13,198.09,1,-1,-1,-1
58,6,1756.71,279.45,160.79,535.60,1,-1,-1,-1
58,5,486.44,256.03,249.92,627.72,1,-1,-1,-1
58,1,1555.29,344.36,180.64,449.00,1,-1,-1,-1
59,23,384.30,441.90,99.41,286.45,1,-1,-1,-1
59,21,25.63,531.09,80.46,239.31,1,-1,-1,-1
59,20,1361.79,455.27,69.05,235.52,1,-1,-1,-1
59,18,117.17,521.54,79.58,237.69,1,-1,-1,-1
59,17,1322.79,468.49,70.46,195.73,1,-1,-1,-1
59,6,1750.23,274.37,165.70,544.22,1,-1,-1,-1
59,5,504.01,237.86,252.90,632.60,1,-1,-1,-1
59,1,1543.74,352.58,180.71,454.51,1,-1,-1,-1
60,23,381.52,446.08,102.61,288.50,1,-1,-1,-1
60,21,30.18,521.96,80.10,238.52,1,-1,-1,-1
60,20,1363.34,446.49,71.70,238.12,1,-1,-1,-1
60,18,112.69,523.19,75.01,231.30,1,-1,-1,-1
60,17,1317.10,465.92,69.99,198.59,1,-1,-1,-1
60,6,1743.52,270.97,171.32,553.64,1,-1,-1,-1
60,5,517.14,223.91,251.57,633.38,1,-1,-1,-1
60,1,1545.03,357.11,180.27,454.45,1,-1,-1,-1
61,23,379.33,441.59,108.60,294.62,1,-1,-1,-1
61,21,31.89,526.79,80.36,246.15,1,-1,-1,-1
61,20,1363.04,451.94,67.39,224.56,1,-1,-1,-1
61,18,118.22,536.80,74.89,222.79,1,-1,-1,-1
61,17,1314.99,465.65,69.56,200.67,1,-1,-1,-1
61,6,1742.91,261.94,166.84,560.07,1,-1,-1,-1
61,5,546.20,224.62,252.82,628.47,1,-1,-1,-1
61,1,1533.02,354.21,181.97,458.34,1,-1,-1,-1
62,23,384.00,442.84,109.22,293.00,1,-1,-1,-1
62,21,31.79,526.39,79.72,243.37,1,-1,-1,-1
62,20,1360.23,452.77,69.37,225.82,1,-1,-1,-1
62,18,121.66,539.53,74.43,219.49,1,-1,-1,-1
62,17,1314.20,465.77,69.37,201.94,1,-1,-1,-1
62,6,1740.36,260.90,172.27,566.61,1,-1,-1,-1
62,5,562.17,234.80,253.82,622.30,1,-1,-1,-1
62,1,1537.19,337.35,184.98,458.29,1,-1,-1,-1
63,23,396.96,437.48,100.78,283.61,1,-1,-1,-1
63,21,32.24,515.69,81.65,243.91,1,-1,-1,-1
63,20,1358.11,457.58,71.02,222.61,1,-1,-1,-1
63,18,117.40,530.66,75.26,219.47,1,-1,-1,-1
63,17,1313.35,465.62,69.50,203.02,1,-1,-1,-1
63,6,1735.72,254.13,177.90,575.05,1,-1,-1,-1
63,5,581.80,237.44,255.86,616.12,1,-1,-1,-1
63,1,1527.53,340.47,190.15,452.14,1,-1,-1,-1
64,23,400.33,426.39,104.41,306.44,1,-1,-1,-1
64,21,27.99,524.57,81.75,241.96,1,-1,-1,-1
64,20,1357.31,460.56,72.18,220.24,1,-1,-1,-1
64,18,116.69,534.11,74.88,224.90,1,-1,-1,-1
64,17,1313.35,467.82,69.50,202.83,1,-1,-1,-1
64,6,1731.05,252.76,183.16,582.85,1,-1,-1,-1
64,5,591.79,237.68,258.33,619.23,1,-1,-1,-1
64,1,1518.83,351.82,200.59,451.02,1,-1,-1,-1
65,23,398.89,426.43,110.44,301.89,1,-1,-1,-1
65,21,26.05,528.39,81.51,240.81,1,-1,-1,-1
65,20,1356.03,461.21,72.95,218.86,1,-1,-1,-1
65,18,115.78,511.27,76.00,238.48,1,-1,-1,-1
65,17,1313.22,468.04,69.39,203.28,1,-1,-1,-1
65,6,1725.35,249.39,188.77,583.81,1,-1,-1,-1
65,5,611.79,240.53,266.38,607.66,1,-1,-1,-1
65,1,1514.44,349.69,198.25,456.88,1,-1,-1,-1
66,25,238.68,453.41,95.28,246.15,1,-1,-1,-1
66,23,399.76,420.61,112.43,307.77,1,-1,-1,-1
66,21,24.95,530.49,81.57,238.70,1,-1,-1,-1
66,20,1355.93,460.14,73.37,217.33,1,-1,-1,-1
66,18,115.68,501.20,77.18,247.36,1,-1,-1,-1
66,17,1312.97,468.71,69.12,203.44,1,-1,-1,-1
66,6,1719.59,254.89,194.46,589.14,1,-1,-1,-1
66,5,622.07,241.69,273.12,605.53,1,-1,-1,-1
66,1,1522.20,348.77,193.33,463.71,1,-1,-1,-1
67,25,238.96,452.65,104.63,262.84,1,-1,-1,-1
67,23,398.37,422.04,108.84,313.51,1,-1,-1,-1
67,21,24.28,528.27,82.07,236.87,1,-1,-1,-1
67,20,1355.69,460.18,73.52,216.53,1,-1,-1,-1
67,18,114.35,495.43,77.82,253.50,1,-1,-1,-1
67,17,1312.99,468.87,69.01,203.64,1,-1,-1,-1
67,6,1712.86,254.73,200.74,593.16,1,-1,-1,-1
67,5,620.92,243.92,282.48,609.96,1,-1,-1,-1
67,1,1529.27,349.17,184.80,461.12,1,-1,-1,-1
68,25,235.70,452.03,105.51,269.76,1,-1,-1,-1
68,23,406.06,417.92,106.68,315.38,1,-1,-1,-1
68,21,27.77,533.56,79.92,232.20,1,-1,-1,-1
68,20,1357.12,457.44,73.78,215.30,1,-1,-1,-1
68,18,113.57,489.26,78.50,262.20,1,-1,-1,-1
68,17,1312.62,470.10,68.68,202.81,1,-1,-1,-1
68,6,1702.97,241.76,209.04,593.92,1,-1,-1,-1
68,5,635.35,250.60,285.22,601.46,1,-1,-1,-1
68,1,1527.07,346.05,181.91,463.84,1,-1,-1,-1
69,25,239.34,454.11,107.91,280.37,1,-1,-1,-1
69,23,409.69,423.83,108.61,318.99,1,-1,-1,-1
69,21,28.86,533.69,78.40,229.84,1,-1,-1,-1
69,20,1357.02,457.30,73.85,214.05,1,-1,-1,-1
69,18,113.22,487.93,78.58,266.71,1,-1,-1,-1
69,17,1312.88,470.63,68.27,202.24,1,-1,-1,-1
69,6,1699.85,255.35,213.76,578.78,1,-1,-1,-1
69,5,646.35,260.42,280.26,587.64,1,-1,-1,-1
69,1,1517.08,333.33,186.23,458.14,1,-1,-1,-1
70,25,237.16,451.76,105.67,287.66,1,-1,-1,-1
70,23,413.45,416.62,116.25,323.54,1,-1,-1,-1
70,21,31.48,525.79,80.11,231.24,1,-1,-1,-1
70,20,1357.41,457.47,73.61,213.77,1,-1,-1,-1
70,18,115.75,504.85,76.38,255.66,1,-1,-1,-1
70,17,1312.84,470.47,68.29,202.76,1,-1,-1,-1
70,6,1696.70,263.53,218.14,564.51,1,-1,-1,-1
70,5,671.95,269.07,264.44,577.63,1,-1,-1,-1
70,1,1510.69,338.68,179.33,462.10,1,-1,-1,-1
71,25,236.50,446.13,106.43,292.24,1,-1,-1,-1
71,23,413.16,418.51,118.05,319.78,1,-1,-1,-1
71,21,34.35,527.73,79.72,230.57,1,-1,-1,-1
71,20,1358.23,459.96,73.46,211.62,1,-1,-1,-1
71,18,117.57,516.62,75.36,244.53,1,-1,-1,-1
71,17,1313.11,469.91,68.12,202.75,1,-1,-1,-1
71,6,1690.74,249.84,223.68,572.16,1,-1,-1,-1
71,5,688.44,268.51,256.22,578.05,1,-1,-1,-1
71,1,1502.67,337.69,182.57,469.93,1,-1,-1,-1
72,25,242.07,442.00,110.87,292.05,1,-1,-1,-1
72,23,413.49,423.67,118.81,324.27,1,-1,-1,-1
72,21,30.82,532.84,80.19,229.48,1,-1,-1,-1
72,20,1358.30,459.93,73.66,211.02,1,-1,-1,-1
72,18,111.00,515.40,80.01,240.36,1,-1,-1,-1
72,17,1312.63,471.07,68.05,202.53,1,-1,-1,-1
72,6,1684.72,252.57,227.45,573.70,1,-1,-1,-1
72,5,712.14,261.48,248.24,575.36,1,-1,-1,-1
72,1,1498.19,347.20,185.14,472.91,1,-1,-1,-1
73,25,240.31,445.91,104.98,278.00,1,-1,-1,-1
73,23,414.34,420.06,117.41,324.49,1,-1,-1,-1
73,21,35.74,527.88,81.24,229.38,1,-1,-1,-1
73,20,1357.33,462.63,74.11,210.21,1,-1,-1,-1
73,18,101.75,507.14,84.76,245.86,1,-1,-1,-1
73,17,1312.83,471.12,67.93,202.88,1,-1,-1,-1
73,6,1693.76,251.01,225.02,570.02,1,-1,-1,-1
73,5,730.06,261.81,235.10,583.15,1,-1,-1,-1
73,1,1499.50,338.12,186.65,488.37,1,-1,-1,-1
74,25,238.10,449.11,109.66,278.68,1,-1,-1,-1
74,23,414.92,416.10,118.28,325.15,1,-1,-1,-1
74,21,38.09,530.95,81.64,228.88,1,-1,-1,-1
74,20,1356.92,464.59,74.66,209.35,1,-1,-1,-1
74,18,108.04,505.12,84.20,246.49,1,-1,-1,-1
74,17,1312.38,471.39,67.62,202.30,1,-1,-1,-1
74,6,1685.39,242.56,230.54,568.63,1,-1,-1,-1
74,5,735.86,264.49,238.21,577.81,1,-1,-1,-1
74,1,1507.64,338.98,184.21,494.67,1,-1,-1,-1
75,25,237.36,453.87,110.68,272.74,1,-1,-1,-1
75,23,416.00,415.44,118.52,325.12,1,-1,-1,-1
75,21,37.59,532.98,82.72,228.35,1,-1,-1,-1
75,20,1338.15,454.15,77.91,213.31,1,-1,-1,-1
75,18,110.46,499.62,83.36,252.06,1,-1,-1,-1
75,17,1306.23,479.20,64.16,196.86,1,-1,-1,-1
75,6,1687.92,250.11,225.07,565.95,1,-1,-1,-1
75,5,754.98,265.89,225.69,570.25,1,-1,-1,-1
75,1,1502.38,341.80,182.19,494.88,1,-1,-1,-1
76,25,236.94,454.25,108.09,262.34,1,-1,-1,-1
76,23,425.43,407.68,110.12,325.98,1,-1,-1,-1
76,21,38.20,535.89,82.54,226.76,1,-1,-1,-1
76,20,1349.17,455.66,76.65,211.47,1,-1,-1,-1
76,18,104.60,516.41,79.81,241.05,1,-1,-1,-1
76,17,1310.92,476.16,64.76,197.84,1,-1,-1,-1
76,6,1689.64,251.41,224.75,575.59,1,-1,-1,-1
76,5,777.72,266.13,219.98,576.17,1,-1,-1,-1
76,1,1502.84,335.30,182.80,496.52,1,-1,-1,-1
77,25,249.07,454.78,107.29,274.30,1,-1,-1,-1
77,23,425.32,413.01,102.60,327.60,1,-1,-1,-1
77,21,40.21,527.18,83.39,231.20,1,-1,-1,-1
77,20,1334.61,451.41,79.74,214.33,1,-1,-1,-1
77,18,111.06,518.38,78.70,239.62,1,-1,-1,-1
77,17,1305.70,483.02,62.12,192.49,1,-1,-1,-1
77,6,1685.16,248.59,219.58,575.82,1,-1,-1,-1
77,5,794.63,283.32,214.74,555.98,1,-1,-1,-1
77,1,1500.51,333.07,184.80,496.95,1,-1,-1,-1
78,25,254.16,458.70,103.55,276.47,1,-1,-1,-1
78,23,432.51,425.05,104.63,321.61,1,-1,-1,-1
78,21,39.97,526.59,83.04,230.73,1,-1,-1,-1
78,20,1322.37,472.94,89.41,205.86,1,-1,-1,-1
78,18,115.65,530.58,78.21,231.15,1,-1,-1,-1
78,6,1677.00,250.39,218.04,592.36,1,-1,-1,-1
78,5,799.82,289.32,219.16,558.92,1,-1,-1,-1
78,1,1487.49,334.69,182.25,497.13,1,-1,-1,-1
79,25,262.21,455.10,95.30,260.01,1,-1,-1,-1
79,23,422.81,423.36,109.96,318.19,1,-1,-1,-1
79,21,40.51,524.58,82.78,234.00,1,-1,-1,-1
79,20,1322.03,460.40,87.71,206.95,1,-1,-1,-1
79,18,114.95,525.66,76.00,230.20,1,-1,-1,-1
79,6,1672.65,249.50,224.48,593.62,1,-1,-1,-1
79,5,815.14,287.01,216.64,541.21,1,-1,-1,-1
79,1,1474.85,317.90,186.65,517.41,1,-1,-1,-1
80,25,274.40,448.34,100.02,266.75,1,-1,-1,-1
80,23,420.65,419.83,116.04,315.50,1,-1,-1,-1
80,21,42.54,520.59,82.14,233.44,1,-1,-1,-1
80,20,1328.34,462.19,78.90,204.65,1,-1,-1,-1
80,18,118.07,527.06,75.78,226.93,1,-1,-1,-1
80,6,1681.96,261.52,223.66,590.22,1,-1,-1,-1
80,5,828.47,298.54,213.86,524.57,1,-1,-1,-1
80,1,1475.87,314.87,191.46,520.53,1,-1,-1,-1
81,25,269.82,432.83,100.13,275.67,1,-1,-1,-1
81,23,416.34,421.06,118.55,318.35,1,-1,-1,-1
81,21,41.54,522.89,80.45,231.17,1,-1,-1,-1
81,20,1332.69,461.70,72.09,202.25,1,-1,-1,-1
81,18,119.07,529.67,75.63,220.62,1,-1,-1,-1
81,17,1305.05,487.61,56.40,181.52,1,-1,-1,-1
81,6,1674.56,249.40,225.90,594.89,1,-1,-1,-1
81,5,827.22,293.32,221.94,518.84,1,-1,-1,-1
81,1,1462.95,312.18,202.42,530.06,1,-1,-1,-1
82,25,259.12,440.63,98.15,268.72,1,-1,-1,-1
82,23,420.85,418.29,123.03,313.59,1,-1,-1,-1
82,21,42.26,530.60,78.10,233.31,1,-1,-1,-1
82,20,1335.58,458.86,67.39,203.58,1,-1,-1,-1
82,18,119.60,533.08,75.21,214.53,1,-1,-1,-1
82,17,1305.51,488.50,55.73,180.42,1,-1,-1,-1
82,6,1669.50,250.93,228.80,597.07,1,-1,-1,-1
82,5,830.93,308.64,219.02,511.13,1,-1,-1,-1
82,1,1459.57,329.65,205.22,527.85,1,-1,-1,-1
83,25,267.92,435.28,101.51,276.60,1,-1,-1,-1
83,23,427.62,421.57,121.60,318.84,1,-1,-1,-1
83,21,42.60,526.18,77.34,240.80,1,-1,-1,-1
83,20,1342.29,463.23,61.24,198.73,1,-1,-1,-1
83,18,113.62,534.47,74.04,221.69,1,-1,-1,-1
83,17,1312.36,484.77,58.49,185.45,1,-1,-1,-1
83,6,1668.84,248.31,231.48,598.29,1,-1,-1,-1
83,5,857.62,311.86,209.21,512.67,1,-1,-1,-1
83,1,1452.26,323.89,221.77,522.40,1,-1,-1,-1
84,23,430.11,423.89,117.45,316.74,1,-1,-1,-1
84,21,30.25,522.37,79.05,239.24,1,-1,-1,-1
84,18,120.27,527.78,73.21,217.37,1,-1,-1,-1
84,17,1314.42,482.83,60.59,188.90,1,-1,-1,-1
84,6,1673.92,241.17,228.23,606.57,1,-1,-1,-1
84,5,870.72,311.90,201.14,504.46,1,-1,-1,-1
84,1,1444.81,311.95,233.71,520.42,1,-1,-1,-1
85,23,435.25,413.00,112.08,319.29,1,-1,-1,-1
85,21,36.77,522.19,76.99,242.25,1,-1,-1,-1
85,18,119.31,542.75,72.24,212.14,1,-1,-1,-1
85,17,1304.56,479.13,65.81,196.04,1,-1,-1,-1
85,6,1656.38,233.89,227.99,613.16,1,-1,-1,-1
85,5,893.47,311.02,203.47,513.14,1,-1,-1,-1
85,1,1442.68,313.85,230.17,524.11,1,-1,-1,-1
86,28,314.41,421.84,78.53,299.29,1,-1,-1,-1
86,23,439.25,418.69,108.56,315.31,1,-1,-1,-1
86,21,39.19,521.76,76.17,248.31,1,-1,-1,-1
86,17,1300.15,475.96,69.94,202.00,1,-1,-1,-1
86,6,1658.27,238.04,226.75,613.39,1,-1,-1,-1
86,5,926.04,301.58,192.59,504.74,1,-1,-1,-1
86,1,1436.32,314.37,235.20,528.91,1,-1,-1,-1
87,28,318.72,418.61,77.19,300.08,1,-1,-1,-1
87,23,443.79,421.35,105.63,316.22,1,-1,-1,-1
87,21,35.54,515.42,76.83,247.08,1,-1,-1,-1
87,20,1344.53,455.54,50.52,192.50,1,-1,-1,-1
87,17,1297.62,473.58,72.90,205.08,1,-1,-1,-1
87,6,1654.51,242.24,237.24,618.03,1,-1,-1,-1
87,5,936.72,289.66,186.98,493.95,1,-1,-1,-1
87,1,1426.74,309.59,234.20,533.45,1,-1,-1,-1
88,28,326.47,442.94,70.09,279.23,1,-1,-1,-1
88,23,447.39,418.01,104.80,321.60,1,-1,-1,-1
88,21,30.95,501.16,80.26,256.53,1,-1,-1,-1
88,20,1340.32,453.41,51.92,200.18,1,-1,-1,-1
88,17,1300.19,479.38,67.77,199.26,1,-1,-1,-1
88,6,1647.50,234.49,243.79,625.87,1,-1,-1,-1
88,5,943.31,285.79,189.98,487.96,1,-1,-1,-1
88,1,1425.40,322.18,229.04,528.83,1,-1,-1,-1
89,28,324.96,443.26,77.52,280.47,1,-1,-1,-1
89,23,451.42,415.07,105.59,324.30,1,-1,-1,-1
89,21,28.54,504.03,81.07,260.81,1,-1,-1,-1
89,20,1342.01,452.22,51.83,206.13,1,-1,-1,-1
89,17,1302.24,483.15,64.03,194.43,1,-1,-1,-1
89,6,1642.67,231.59,249.42,638.85,1,-1,-1,-1
89,5,953.35,282.32,193.82,493.42,1,-1,-1,-1
89,1,1420.24,321.70,233.82,531.66,1,-1,-1,-1
90,28,326.37,442.78,84.39,292.09,1,-1,-1,-1
90,23,446.51,420.33,109.42,320.22,1,-1,-1,-1
90,21,29.54,497.22,82.33,266.24,1,-1,-1,-1
90,20,1343.93,446.25,59.34,215.22,1,-1,-1,-1
90,17,1299.58,478.29,68.04,199.48,1,-1,-1,-1
90,6,1646.49,230.58,250.57,646.36,1,-1,-1,-1
90,5,964.88,285.85,197.80,483.92,1,-1,-1,-1
90,1,1418.66,318.25,231.60,537.17,1,-1,-1,-1
91,32,120.75,532.66,75.76,227.96,1,-1,-1,-1
91,28,323.83,435.84,87.02,301.27,1,-1,-1,-1
91,23,445.04,420.58,110.70,321.51,1,-1,-1,-1
91,21,22.87,486.14,88.54,279.21,1,-1,-1,-1
91,20,1343.31,442.49,57.16,223.00,1,-1,-1,-1
91,17,1297.83,476.57,70.93,201.10,1,-1,-1,-1
91,6,1644.07,232.31,254.69,653.16,1,-1,-1,-1
91,5,967.04,287.45,203.59,488.78,1,-1,-1,-1
91,1,1418.35,308.92,231.33,544.62,1,-1,-1,-1
92,32,114.49,510.71,79.48,247.21,1,-1,-1,-1
92,28,327.45,432.35,87.40,302.05,1,-1,-1,-1
92,23,447.19,418.91,109.78,324.05,1,-1,-1,-1
92,21,31.34,493.49,89.62,281.57,1,-1,-1,-1
92,20,1342.68,458.38,54.54,214.59,1,-1,-1,-1
92,17,1297.77,476.69,72.79,200.21,1,-1,-1,-1
92,6,1635.77,226.56,253.96,653.50,1,-1,-1,-1
92,5,973.16,293.45,211.79,486.92,1,-1,-1,-1
92,1,1407.36,308.13,229.98,543.01,1,-1,-1,-1
93,32,114.13,498.72,80.64,257.01,1,-1,-1,-1
93,28,325.74,437.87,84.19,300.91,1,-1,-1,-1
93,23,451.18,420.32,106.61,318.37,1,-1,-1,-1
93,21,27.71,489.85,95.44,279.24,1,-1,-1,-1
93,20,1344.55,472.24,52.60,210.01,1,-1,-1,-1
93,17,1297.82,483.95,73.46,198.25,1,-1,-1,-1
93,6,1632.42,223.08,253.07,658.14,1,-1,-1,-1
93,5,974.66,298.48,212.71,479.95,1,-1,-1,-1
93,1,1410.87,308.14,225.05,551.72,1,-1,-1,-1
94,32,118.37,518.82,78.63,240.49,1,-1,-1,-1
94,28,323.47,441.63,78.58,299.06,1,-1,-1,-1
94,23,456.71,419.20,106.11,323.56,1,-1,-1,-1
94,21,27.94,494.83,97.49,271.11,1,-1,-1,-1
94,17,1304.73,478.66,73.48,202.79,1,-1,-1,-1
94,6,1626.67,221.03,254.81,660.43,1,-1,-1,-1
94,5,981.19,287.75,214.69,481.90,1,-1,-1,-1
94,1,1409.90,305.37,220.11,551.45,1,-1,-1,-1
95,32,114.78,524.52,76.93,231.45,1,-1,-1,-1
95,28,330.62,442.73,73.57,292.62,1,-1,-1,-1
95,23,458.59,413.89,113.04,327.81,1,-1,-1,-1
95,21,25.33,505.37,92.66,269.43,1,-1,-1,-1
95,17,1302.46,489.61,68.91,194.35,1,-1,-1,-1
95,6,1628.08,222.71,253.41,665.74,1,-1,-1,-1
95,5,993.97,294.90,222.36,475.66,1,-1,-1,-1
95,1,1401.48,316.67,215.47,551.51,1,-1,-1,-1
96,32,116.73,529.96,78.46,226.74,1,-1,-1,-1
96,28,337.54,437.48,68.09,287.54,1,-1,-1,-1
96,23,462.30,418.23,109.51,323.02,1,-1,-1,-1
96,21,25.05,504.71,96.10,268.13,1,-1,-1,-1
96,17,1303.73,496.09,64.97,186.50,1,-1,-1,-1
96,6,1618.51,224.12,255.43,672.59,1,-1,-1,-1
96,5,1003.50,296.86,217.77,471.11,1,-1,-1,-1
96,1,1377.80,318.10,222.14,542.73,1,-1,-1,-1
97,32,116.58,521.66,79.01,236.20,1,-1,-1,-1
97,28,341.41,437.45,69.95,289.65,1,-1,-1,-1
97,23,465.77,418.66,108.78,319.36,1,-1,-1,-1
97,21,21.83,517.89,92.70,259.69,1,-1,-1,-1
97,20,1345.84,476.90,52.52,193.25,1,-1,-1,-1
97,17,1305.02,501.63,61.41,179.66,1,-1,-1,-1
97,6,1608.09,217.78,258.45,676.19,1,-1,-1,-1
97,5,1018.39,306.46,211.67,455.13,1,-1,-1,-1
97,1,1379.92,316.65,218.72,550.68,1,-1,-1,-1
98,32,117.27,526.66,80.07,227.98,1,-1,-1,-1
98,28,342.84,432.95,71.24,296.10,1,-1,-1,-1
98,23,466.84,414.08,109.65,317.31,1,-1,-1,-1
98,21,20.77,532.18,92.16,246.98,1,-1,-1,-1
98,20,1345.57,489.60,52.54,180.48,1,-1,-1,-1
98,17,1307.41,502.53,57.28,174.29,1,-1,-1,-1
98,6,1610.48,203.73,251.49,690.47,1,-1,-1,-1
98,5,1031.79,311.12,195.09,450.15,1,-1,-1,-1
98,1,1384.33,318.73,209.13,551.51,1,-1,-1,-1
99,32,117.49,534.85,79.69,218.64,1,-1,-1,-1
99,28,338.45,437.61,74.41,293.71,1,-1,-1,-1
99,23,468.97,415.38,114.41,323.14,1,-1,-1,-1
99,21,22.26,536.53,88.41,246.77,1,-1,-1,-1
99,20,1348.88,496.41,51.14,176.92,1,-1,-1,-1
99,17,1310.84,502.44,54.63,170.96,1,-1,-1,-1
99,6,1605.78,201.47,245.51,699.12,1,-1,-1,-1
99,5,1048.46,307.40,182.32,453.58,1,-1,-1,-1
99,1,1381.27,319.08,205.18,557.38,1,-1,-1,-1
100,32,117.60,538.40,79.01,214.26,1,-1,-1,-1
100,28,336.41,438.58,78.42,300.66,1,-1,-1,-1
100,23,469.70,411.56,118.12,323.02,1,-1,-1,-1
100,21,24.20,525.74,85.92,245.81,1,-1,-1,-1
100,20,1348.72,473.48,55.62,189.00,1,-1,-1,-1
100,17,1316.18,497.46,53.17,169.45,1,-1,-1,-1
100,6,1603.78,206.04,244.22,702.80,1,-1,-1,-1
100,5,1065.28,308.24,174.45,457.75,1,-1,-1,-1
100,1,1388.15,316.64,196.30,553.06,1,-1,-1,-1
101,32,117.17,537.49,78.76,212.90,1,-1,-1,-1
101,28,335.31,434.00,83.35,298.60,1,-1,-1,-1
101,23,466.94,413.89,119.55,320.64,1,-1,-1,-1
101,21,28.85,543.78,82.77,233.34,1,-1,-1,-1
101,20,1338.83,482.79,57.38,187.81,1,-1,-1,-1
101,17,1311.46,507.83,56.40,141.43,1,-1,-1,-1
101,6,1591.55,198.03,251.52,705.59,1,-1,-1,-1
101,5,1075.51,307.93,171.30,447.25,1,-1,-1,-1
101,1,1389.99,312.39,191.30,555.53,1,-1,-1,-1
102,32,117.32,524.30,79.80,226.58,1,-1,-1,-1
102,28,334.54,434.39,88.78,295.97,1,-1,-1,-1
102,23,466.12,412.44,122.11,321.23,1,-1,-1,-1
102,21,25.20,538.05,81.83,232.04,1,-1,-1,-1
102,20,1318.60,479.87,60.73,194.93,1,-1,-1,-1
102,17,1299.80,528.68,59.86,121.95,1,-1,-1,-1
102,6,1579.50,193.50,257.12,713.52,1,-1,-1,-1
102,5,1078.31,316.83,169.33,445.60,1,-1,-1,-1
102,1,1386.37,321.51,189.84,550.34,1,-1,-1,-1
103,32,120.26,532.87,77.12,222.15,1,-1,-1,-1
103,28,335.28,433.88,93.89,287.44,1,-1,-1,-1
103,23,465.03,410.66,124.97,322.86,1,-1,-1,-1
103,21,22.00,544.86,81.87,225.44,1,-1,-1,-1
103,20,1311.76,485.65,58.59,189.69,1,-1,-1,-1
103,6,1570.46,196.71,256.72,715.68,1,-1,-1,-1
103,5,1089.89,316.54,166.37,441.67,1,-1,-1,-1
103,1,1370.90,317.30,195.86,557.13,1,-1,-1,-1
104,32,115.34,531.37,77.07,222.05,1,-1,-1,-1
104,28,333.47,434.81,97.18,289.09,1,-1,-1,-1
104,23,463.47,409.01,128.00,321.88,1,-1,-1,-1
104,21,26.42,552.93,81.03,218.18,1,-1,-1,-1
104,20,1305.27,493.42,57.93,180.74,1,-1,-1,-1
104,6,1576.54,199.62,250.48,709.26,1,-1,-1,-1
104,5,1104.72,322.83,163.88,439.23,1,-1,-1,-1
104,1,1364.57,319.64,195.19,557.20,1,-1,-1,-1
105,32,111.64,535.59,79.32,221.47,1,-1,-1,-1
105,28,333.40,437.39,97.07,288.09,1,-1,-1,-1
105,23,461.78,408.47,130.96,321.77,1,-1,-1,-1
105,21,27.66,544.09,79.06,218.28,1,-1,-1,-1
105,20,1296.09,506.91,57.99,163.24,1,-1,-1,-1
105,6,1564.62,196.93,250.00,705.09,1,-1,-1,-1
105,5,1109.30,326.87,164.51,434.75,1,-1,-1,-1
105,1,1361.33,317.35,198.10,559.76,1,-1,-1,-1
106,32,109.30,540.14,76.27,213.72,1,-1,-1,-1
106,28,341.74,446.13,93.72,285.14,1,-1,-1,-1
106,23,460.52,410.30,131.40,320.41,1,-1,-1,-1
106,20,1308.44,504.18,60.55,165.52,1,-1,-1,-1
106,6,1559.19,192.41,256.80,721.89,1,-1,-1,-1
106,5,1117.37,330.77,164.49,433.68,1,-1,-1,-1
106,1,1355.53,313.33,197.95,563.56,1,-1,-1,-1
107,32,107.41,544.50,74.60,209.62,1,-1,-1,-1
107,28,349.54,446.28,92.90,287.18,1,-1,-1,-1
107,23,460.15,414.57,129.96,325.09,1,-1,-1,-1
107,6,1554.38,184.04,256.18,731.17,1,-1,-1,-1
107,5,1123.06,337.09,164.34,425.78,1,-1,-1,-1
107,1,1341.07,311.98,197.21,573.44,1,-1,-1,-1
108,32,111.66,547.76,76.68,209.85,1,-1,-1,-1
108,28,353.46,445.12,94.16,288.60,1,-1,-1,-1
108,23,464.75,414.56,132.37,327.33,1,-1,-1,-1
108,6,1558.92,189.01,253.52,729.24,1,-1,-1,-1
108,5,1137.47,320.67,162.55,420.48,1,-1,-1,-1
108,1,1323.24,295.46,216.52,570.68,1,-1,-1,-1
109,32,111.98,547.49,78.16,209.52,1,-1,-1,-1
109,28,355.08,445.44,93.66,289.17,1,-1,-1,-1
109,23,465.31,410.27,132.82,331.98,1,-1,-1,-1
109,6,1544.15,185.80,251.73,730.33,1,-1,-1,-1
109,5,1147.21,319.47,156.06,423.10,1,-1,-1,-1
109,1,1309.46,290.63,227.25,571.28,1,-1,-1,-1
110,32,111.72,547.91,80.32,210.31,1,-1,-1,-1
110,28,357.54,447.65,92.79,287.70,1,-1,-1,-1
110,23,464.52,407.58,132.79,335.30,1,-1,-1,-1
110,6,1533.34,182.82,251.62,726.51,1,-1,-1,-1
110,5,1164.59,312.23,150.08,415.94,1,-1,-1,-1
110,1,1312.26,299.43,224.02,581.11,1,-1,-1,-1
111,32,109.40,546.10,82.20,211.64,1,-1,-1,-1
111,28,356.73,448.38,92.85,289.86,1,-1,-1,-1
111,23,463.56,403.78,133.33,335.95,1,-1,-1,-1
111,6,1535.86,179.90,250.97,724.63,1,-1,-1,-1
111,5,1184.09,320.59,138.26,408.85,1,-1,-1,-1
111,1,1297.41,298.39,238.99,589.90,1,-1,-1,-1
112,32,113.14,534.40,82.56,217.80,1,-1,-1,-1
112,28,354.93,448.27,92.57,288.15,1,-1,-1,-1
112,23,459.59,406.23,129.71,332.36,1,-1,-1,-1
112,6,1533.22,181.40,252.11,723.52,1,-1,-1,-1
112,5,1189.70,321.32,133.29,401.17,1,-1,-1,-1
112,1,1294.50,287.37,244.66,597.34,1,-1,-1,-1
113,32,114.39,523.95,83.30,225.11,1,-1,-1,-1
113,28,353.16,449.55,86.63,280.94,1,-1,-1,-1
113,23,456.49,406.59,129.01,333.83,1,-1,-1,-1
113,6,1517.37,182.96,255.32,720.39,1,-1,-1,-1
113,5,1197.67,297.58,123.84,384.37,1,-1,-1,-1
113,1,1287.33,293.66,250.56,602.00,1,-1,-1,-1
114,32,114.22,517.84,85.51,231.94,1,-1,-1,-1
114,28,352.89,451.69,83.03,277.49,1,-1,-1,-1
114,23,457.34,404.10,126.36,335.30,1,-1,-1,-1
114,6,1505.30,191.46,259.72,723.76,1,-1,-1,-1
114,5,1209.92,311.18,116.47,392.37,1,-1,-1,-1
114,1,1270.71,288.22,267.22,609.06,1,-1,-1,-1
115,32,113.24,516.46,86.50,235.37,1,-1,-1,-1
115,28,347.40,442.58,87.97,281.43,1,-1,-1,-1
115,23,450.98,409.31,132.91,331.82,1,-1,-1,-1
115,6,1508.21,197.62,257.50,699.39,1,-1,-1,-1
115,5,1210.18,315.05,113.34,381.88,1,-1,-1,-1
115,1,1262.35,280.75,275.00,615.92,1,-1,-1,-1
116,35,18.19,519.45,89.26,225.31,1,-1,-1,-1
116,32,112.89,517.20,87.45,238.00,1,-1,-1,-1
116,28,344.55,443.75,91.41,282.19,1,-1,-1,-1
116,23,451.84,402.07,125.12,338.82,1,-1,-1,-1
116,6,1506.14,200.47,257.80,715.29,1,-1,-1,-1
116,5,1214.36,350.56,107.91,404.02,1,-1,-1,-1
116,1,1245.91,274.54,283.27,628.06,1,-1,-1,-1
117,35,19.55,516.97,85.42,226.57,1,-1,-1,-1
117,32,112.72,519.37,86.99,238.78,1,-1,-1,-1
117,28,355.95,443.00,91.59,288.74,1,-1,-1,-1
117,23,449.97,398.69,117.00,342.96,1,-1,-1,-1
117,6,1501.11,185.69,254.66,727.72,1,-1,-1,-1
117,1,1241.20,272.61,289.25,637.87,1,-1,-1,-1
118,35,21.07,521.10,84.91,225.76,1,-1,-1,-1
118,32,111.42,517.85,86.22,240.36,1,-1,-1,-1
118,28,358.39,441.28,91.68,292.90,1,-1,-1,-1
118,23,450.84,402.37,120.71,343.44,1,-1,-1,-1
118,6,1492.99,167.96,252.16,745.36,1,-1,-1,-1
118,1,1229.98,274.34,299.40,642.90,1,-1,-1,-1
119,35,27.31,526.76,85.62,224.85,1,-1,-1,-1
119,32,112.53,516.65,84.68,241.14,1,-1,-1,-1
119,28,347.42,440.75,90.34,289.27,1,-1,-1,-1
119,23,455.52,400.02,114.14,340.49,1,-1,-1,-1
119,6,1487.97,166.42,257.54,764.49,1,-1,-1,-1
119,1,1213.77,273.80,295.08,653.34,1,-1,-1,-1
120,35,28.36,525.05,88.73,228.66,1,-1,-1,-1
120,32,110.52,522.91,84.23,238.25,1,-1,-1,-1
120,28,355.93,434.43,89.69,296.48,1,-1,-1,-1
120,23,453.69,401.92,118.24,333.25,1,-1,-1,-1
120,6,1481.10,167.91,260.94,769.71,1,-1,-1,-1
120,1,1203.07,269.98,302.01,654.11,1,-1,-1,-1
121,35,23.76,534.26,89.36,232.79,1,-1,-1,-1
121,32,110.48,517.70,83.65,240.33,1,-1,-1,-1
121,28,358.83,424.48,89.68,300.41,1,-1,-1,-1
121,23,445.57,397.89,112.14,334.50,1,-1,-1,-1
121,6,1469.94,150.22,264.08,789.91,1,-1,-1,-1
121,1,1177.95,274.85,303.64,670.76,1,-1,-1,-1
122,35,16.46,531.33,86.11,231.27,1,-1,-1,-1
122,32,111.69,523.55,83.82,237.96,1,-1,-1,-1
122,28,352.35,423.12,88.98,306.02,1,-1,-1,-1
122,23,443.65,399.66,110.19,335.16,1,-1,-1,-1
122,6,1470.45,146.76,270.03,799.78,1,-1,-1,-1
122,1,1173.10,269.88,307.12,676.20,1,-1,-1,-1
123,35,13.80,531.73,85.48,230.85,1,-1,-1,-1
123,28,350.62,422.06,91.39,310.30,1,-1,-1,-1
123,23,450.83,399.76,113.80,337.64,1,-1,-1,-1
123,6,1464.07,148.73,273.25,807.41,1,-1,-1,-1
123,1,1172.28,265.70,309.93,686.31,1,-1,-1,-1
124,35,22.62,533.83,86.34,233.14,1,-1,-1,-1
124,28,346.06,423.02,94.66,314.60,1,-1,-1,-1
124,23,457.03,408.79,108.63,334.28,1,-1,-1,-1
124,6,1454.45,137.24,273.22,821.64,1,-1,-1,-1
124,1,1161.14,282.69,310.81,681.83,1,-1,-1,-1
125,35,24.86,528.36,87.49,238.89,1,-1,-1,-1
125,28,338.11,434.26,98.37,310.49,1,-1,-1,-1
125,23,460.53,411.76,104.29,328.48,1,-1,-1,-1
125,6,1445.50,138.08,278.26,834.16,1,-1,-1,-1
125,1,1156.39,260.41,306.35,686.65,1,-1,-1,-1
126,35,23.45,528.54,84.04,237.07,1,-1,-1,-1
126,28,338.78,432.09,102.73,318.12,1,-1,-1,-1
126,23,452.75,410.89,110.65,336.02,1,-1,-1,-1
126,6,1440.80,141.04,279.87,839.37,1,-1,-1,-1
126,1,1139.97,261.24,300.79,683.66,1,-1,-1,-1
127,35,26.92,525.22,85.63,241.51,1,-1,-1,-1
127,28,341.29,421.45,104.54,321.65,1,-1,-1,-1
127,23,449.28,402.45,114.65,336.94,1,-1,-1,-1
127,6,1429.18,134.25,285.24,845.65,1,-1,-1,-1
127,1,1125.05,275.81,300.71,687.79,1,-1,-1,-1
128,36,110.91,505.30,75.12,238.96,1,-1,-1,-1
128,35,27.80,521.44,85.42,241.31,1,-1,-1,-1
128,28,330.97,424.64,107.56,319.63,1,-1,-1,-1
128,23,445.13,404.67,120.47,344.32,1,-1,-1,-1
128,6,1422.26,136.00,287.86,844.03,1,-1,-1,-1
128,1,1122.55,263.01,296.18,688.27,1,-1,-1,-1
129,36,112.82,526.68,74.72,225.35,1,-1,-1,-1
129,35,21.21,527.91,83.46,232.33,1,-1,-1,-1
129,28,332.74,427.59,106.16,321.94,1,-1,-1,-1
129,23,445.65,410.55,118.48,340.02,1,-1,-1,-1
129,6,1412.76,135.15,297.94,862.01,1,-1,-1,-1
129,1,1113.75,267.27,304.86,692.04,1,-1,-1,-1
130,36,111.23,505.93,81.73,249.52,1,-1,-1,-1
130,35,25.51,526.82,81.10,239.02,1,-1,-1,-1
130,28,333.83,422.61,105.68,318.27,1,-1,-1,-1
130,23,436.85,407.37,122.12,339.30,1,-1,-1,-1
130,6,1402.69,136.94,301.70,867.18,1,-1,-1,-1
130,1,1113.51,252.84,302.17,697.53,1,-1,-1,-1
131,36,120.60,496.29,78.84,249.94,1,-1,-1,-1
131,35,31.28,516.51,79.09,245.36,1,-1,-1,-1
131,28,332.12,423.24,106.82,325.41,1,-1,-1,-1
131,23,444.37,407.16,122.17,342.93,1,-1,-1,-1
131,6,1401.98,144.83,310.83,873.02,1,-1,-1,-1
131,1,1106.47,250.21,294.51,696.04,1,-1,-1,-1
132,36,107.24,494.50,84.61,250.66,1,-1,-1,-1
132,35,32.19,523.16,78.07,243.29,1,-1,-1,-1
132,28,325.59,419.06,109.65,326.38,1,-1,-1,-1
132,23,442.62,407.08,124.52,341.96,1,-1,-1,-1
132,6,1385.52,145.14,314.03,872.99,1,-1,-1,-1
132,1,1106.91,246.79,292.82,703.40,1,-1,-1,-1
133,36,115.31,489.61,81.58,255.63,1,-1,-1,-1
133,35,31.37,510.10,81.38,250.32,1,-1,-1,-1
133,28,322.83,420.12,110.83,328.78,1,-1,-1,-1
133,23,442.25,405.86,125.14,339.63,1,-1,-1,-1
133,6,1371.95,139.26,309.35,875.80,1,-1,-1,-1
133,1,1102.21,276.00,293.95,711.93,1,-1,-1,-1
134,36,106.95,498.67,82.00,253.71,1,-1,-1,-1
134,28,319.49,421.22,112.72,328.11,1,-1,-1,-1
134,23,441.68,403.40,126.74,339.51,1,-1,-1,-1
134,6,1366.96,136.05,315.49,885.16,1,-1,-1,-1
134,1,1099.40,254.95,286.88,718.72,1,-1,-1,-1
135,36,110.36,470.42,91.64,276.48,1,-1,-1,-1
135,28,317.82,420.91,114.49,328.41,1,-1,-1,-1
135,23,446.04,403.99,124.46,338.05,1,-1,-1,-1
135,6,1360.98,132.40,313.69,880.12,1,-1,-1,-1
135,1,1095.19,244.52,291.07,709.74,1,-1,-1,-1
136,36,114.87,463.42,87.43,279.97,1,-1,-1,-1
136,28,316.81,420.42,115.20,328.26,1,-1,-1,-1
136,23,445.87,403.35,123.69,340.17,1,-1,-1,-1
136,6,1350.97,131.17,312.90,889.04,1,-1,-1,-1
136,1,1084.37,248.58,289.73,711.73,1,-1,-1,-1
137,36,114.40,459.81,94.21,291.77,1,-1,-1,-1
137,28,318.11,419.19,114.99,326.66,1,-1,-1,-1
137,23,444.82,404.91,124.02,342.55,1,-1,-1,-1
137,6,1349.73,130.69,311.88,885.24,1,-1,-1,-1
137,1,1072.83,264.11,294.97,718.20,1,-1,-1,-1
138,28,318.52,415.40,115.03,328.18,1,-1,-1,-1
138,23,443.93,405.77,124.09,341.42,1,-1,-1,-1
138,6,1328.00,117.22,308.25,895.07,1,-1,-1,-1
138,1,1057.27,260.12,301.67,717.76,1,-1,-1,-1
139,28,320.41,412.08,112.91,328.11,1,-1,-1,-1
139,23,443.66,405.49,125.87,344.47,1,-1,-1,-1
139,6,1322.85,120.84,310.94,891.51,1,-1,-1,-1
139,1,1050.12,245.11,301.92,743.29,1,-1,-1,-1
140,37,12.02,367.09,160.32,547.48,1,-1,-1,-1
140,28,321.70,412.07,111.46,329.88,1,-1,-1,-1
140,23,443.86,404.17,127.48,348.18,1,-1,-1,-1
140,6,1323.12,126.21,313.32,876.78,1,-1,-1,-1
140,1,1025.73,243.74,309.14,750.73,1,-1,-1,-1
141,37,18.02,356.70,166.75,562.58,1,-1,-1,-1
141,28,319.37,415.12,113.17,332.71,1,-1,-1,-1
141,23,445.10,386.95,127.99,364.36,1,-1,-1,-1
141,6,1318.47,122.66,314.53,878.09,1,-1,-1,-1
141,1,997.87,240.38,314.36,760.11,1,-1,-1,-1
142,37,9.26,325.10,177.60,612.77,1,-1,-1,-1
142,28,317.94,412.71,113.63,338.21,1,-1,-1,-1
142,23,446.98,394.07,129.63,366.34,1,-1,-1,-1
142,6,1310.16,119.18,311.46,879.95,1,-1,-1,-1
142,1,995.83,228.15,317.05,758.36,1,-1,-1,-1
143,37,3.54,296.51,190.31,673.52,1,-1,-1,-1
143,28,315.35,407.97,113.39,350.83,1,-1,-1,-1
143,23,444.36,383.12,130.58,381.28,1,-1,-1,-1
143,6,1297.01,120.79,310.98,874.72,1,-1,-1,-1
143,1,994.02,220.57,321.73,769.86,1,-1,-1,-1
144,37,14.30,280.97,202.78,695.47,1,-1,-1,-1
144,28,316.06,411.08,113.62,351.59,1,-1,-1,-1
144,23,441.70,385.44,124.86,376.98,1,-1,-1,-1
144,6,1284.72,126.44,311.01,864.46,1,-1,-1,-1
144,1,977.47,230.16,347.26,778.97,1,-1,-1,-1
145,38,154.12,420.28,90.79,282.45,1,-1,-1,-1
145,37,21.75,285.97,196.24,668.03,1,-1,-1,-1
145,28,314.79,404.56,113.85,352.97,1,-1,-1,-1
145,23,450.89,393.73,117.98,375.76,1,-1,-1,-1
145,6,1279.35,131.84,309.23,870.37,1,-1,-1,-1
145,1,964.34,214.29,345.37,787.46,1,-1,-1,-1
146,37,45.15,291.94,190.43,661.28,1,-1,-1,-1
146,28,319.77,396.37,113.08,359.03,1,-1,-1,-1
146,23,455.39,397.11,113.60,370.88,1,-1,-1,-1
146,6,1274.92,122.60,305.31,874.64,1,-1,-1,-1
146,1,950.39,229.76,358.41,794.04,1,-1,-1,-1
147,37,70.11,293.08,184.03,653.82,1,-1,-1,-1
147,28,320.90,410.79,112.11,353.98,1,-1,-1,-1
147,23,460.12,392.04,113.12,366.97,1,-1,-1,-1
147,6,1270.14,136.21,304.26,872.94,1,-1,-1,-1
147,1,951.21,221.89,351.65,800.89,1,-1,-1,-1
148,37,66.48,288.71,194.10,649.00,1,-1,-1,-1
148,28,320.34,409.38,108.68,349.32,1,-1,-1,-1
148,23,453.58,394.94,111.00,366.55,1,-1,-1,-1
148,6,1255.65,131.15,318.43,892.22,1,-1,-1,-1
148,1,943.44,210.15,359.14,823.72,1,-1,-1,-1
149,37,78.01,282.05,195.49,645.33,1,-1,-1,-1
149,28,322.10,410.35,103.90,348.06,1,-1,-1,-1
149,23,450.94,382.86,108.18,373.76,1,-1,-1,-1
149,6,1247.64,131.70,318.68,896.00,1,-1,-1,-1
149,1,930.00,219.28,365.74,828.01,1,-1,-1,-1
150,37,68.56,329.16,241.96,600.57,1,-1,-1,-1
150,28,322.56,407.45,99.38,349.83,1,-1,-1,-1
150,23,442.76,386.74,119.09,374.57,1,-1,-1,-1
150,6,1242.83,131.38,323.17,900.10,1,-1,-1,-1
150,1,905.68,228.05,368.15,827.22,1,-1,-1,-1
151,37,76.60,334.38,284.29,593.93,1,-1,-1,-1
151,28,324.81,405.61,95.21,371.26,1,-1,-1,-1
151,23,444.04,378.85,120.87,380.93,1,-1,-1,-1
151,6,1218.08,111.30,335.62,919.29,1,-1,-1,-1
151,1,892.73,217.93,374.25,836.60,1,-1,-1,-1
152,37,68.75,340.37,323.06,592.02,1,-1,-1,-1
152,28,312.58,420.67,105.34,405.68,1,-1,-1,-1
152,23,434.99,380.04,131.41,382.81,1,-1,-1,-1
152,6,1212.00,119.10,334.87,916.84,1,-1,-1,-1
152,1,880.84,225.01,383.93,825.39,1,-1,-1,-1
153,37,87.20,344.05,339.44,586.87,1,-1,-1,-1
153,28,315.01,404.57,107.46,419.31,1,-1,-1,-1
153,23,436.97,377.32,127.90,385.65,1,-1,-1,-1
153,6,1211.93,120.09,337.88,912.98,1,-1,-1,-1
153,1,869.02,213.46,380.87,836.80,1,-1,-1,-1
154,37,103.41,342.97,347.12,581.26,1,-1,-1,-1
154,28,324.27,418.96,109.38,424.62,1,-1,-1,-1
154,23,436.33,378.70,137.70,379.77,1,-1,-1,-1
154,6,1197.97,109.76,334.86,911.32,1,-1,-1,-1
154,1,842.79,203.09,381.33,851.90,1,-1,-1,-1
155,37,139.12,340.36,327.56,580.73,1,-1,-1,-1
155,28,327.67,394.34,101.36,400.73,1,-1,-1,-1
155,23,432.25,383.83,146.07,380.86,1,-1,-1,-1
155,6,1185.48,101.36,342.68,914.22,1,-1,-1,-1
155,1,824.48,200.40,379.03,854.30,1,-1,-1,-1
156,37,157.46,359.52,312.52,577.69,1,-1,-1,-1
156,23,442.60,386.46,146.46,373.98,1,-1,-1,-1
156,6,1159.51,94.51,362.29,946.34,1,-1,-1,-1
156,1,815.95,201.39,377.32,858.90,1,-1,-1,-1
157,37,192.81,342.73,269.07,577.39,1,-1,-1,-1
157,23,450.53,382.74,145.25,382.47,1,-1,-1,-1
157,6,1157.67,64.96,364.80,961.57,1,-1,-1,-1
157,1,802.38,217.35,375.06,855.07,1,-1,-1,-1
158,37,227.94,339.92,232.31,580.65,1,-1,-1,-1
158,23,460.88,385.26,140.05,387.89,1,-1,-1,-1
158,6,1156.74,80.91,360.67,967.92,1,-1,-1,-1
158,1,785.27,210.38,380.13,857.24,1,-1,-1,-1
159,46,1501.06,349.46,91.70,338.78,1,-1,-1,-1
159,44,188.33,380.71,177.54,526.97,1,-1,-1,-1
159,37,261.06,328.82,205.05,572.92,1,-1,-1,-1
159,23,452.11,390.96,149.05,380.25,1,-1,-1,-1
159,6,1146.35,74.48,366.07,980.63,1,-1,-1,-1
159,1,788.19,201.38,374.62,862.52,1,-1,-1,-1
160,46,1498.58,359.42,93.77,334.24,1,-1,-1,-1
160,44,206.18,377.90,162.93,520.81,1,-1,-1,-1
160,37,284.26,318.61,194.13,576.89,1,-1,-1,-1
160,23,458.62,383.69,144.46,379.77,1,-1,-1,-1
160,6,1126.82,68.88,371.75,990.58,1,-1,-1,-1
160,1,788.98,193.15,364.68,863.64,1,-1,-1,-1
161,46,1504.32,367.38,87.40,316.04,1,-1,-1,-1
161,44,220.81,387.09,159.46,522.24,1,-1,-1,-1
161,37,311.12,313.23,180.97,582.51,1,-1,-1,-1
161,23,459.76,377.32,139.41,382.87,1,-1,-1,-1
161,6,1126.18,55.08,374.53,1006.67,1,-1,-1,-1
161,1,785.25,201.54,358.11,864.31,1,-1,-1,-1
162,47,105.01,480.64,94.24,313.75,1,-1,-1,-1
162,46,1508.75,371.56,89.27,318.41,1,-1,-1,-1
162,44,235.94,406.69,156.48,511.85,1,-1,-1,-1
162,37,338.43,306.71,173.91,584.13,1,-1,-1,-1
162,23,470.13,374.87,131.49,388.96,1,-1,-1,-1
162,6,1117.73,45.87,382.18,1020.16,1,-1,-1,-1
162,1,778.80,204.07,349.74,868.98,1,-1,-1,-1
163,47,113.42,488.20,88.38,271.21,1,-1,-1,-1
163,46,1510.53,367.96,97.05,331.37,1,-1,-1,-1
163,44,251.54,402.10,157.99,500.60,1,-1,-1,-1
163,37,357.09,302.83,166.76,591.27,1,-1,-1,-1
163,23,489.27,391.91,127.72,395.74,1,-1,-1,-1
163,6,1102.59,46.77,393.51,1026.68,1,-1,-1,-1
163,1,764.72,193.20,355.90,879.48,1,-1,-1,-1
164,47,114.51,496.27,84.90,250.03,1,-1,-1,-1
164,46,1500.79,370.05,101.04,316.60,1,-1,-1,-1
164,44,274.87,400.34,153.31,499.96,1,-1,-1,-1
164,37,384.19,311.48,183.99,583.57,1,-1,-1,-1
164,23,500.00,387.71,126.86,400.52,1,-1,-1,-1
164,6,1094.00,31.71,398.29,1037.89,1,-1,-1,-1
164,1,737.87,194.23,362.75,882.90,1,-1,-1,-1
165,47,117.28,495.39,85.92,235.72,1,-1,-1,-1
165,46,1501.42,362.35,109.26,325.45,1,-1,-1,-1
165,44,297.01,396.34,144.18,497.97,1,-1,-1,-1
165,37,402.79,307.41,202.52,579.06,1,-1,-1,-1
165,23,517.77,388.51,118.48,400.83,1,-1,-1,-1
165,6,1076.96,43.66,409.55,1030.76,1,-1,-1,-1
165,1,725.15,173.96,362.38,896.82,1,-1,-1,-1
166,48,25.59,513.45,81.43,229.81,1,-1,-1,-1
166,47,119.02,493.10,82.68,235.80,1,-1,-1,-1
166,46,1510.56,358.62,105.63,323.78,1,-1,-1,-1
166,44,317.64,394.46,140.59,497.28,1,-1,-1,-1
166,37,413.90,308.40,222.01,575.21,1,-1,-1,-1
166,6,1058.44,32.39,418.80,1040.99,1,-1,-1,-1
166,1,719.41,163.06,352.43,902.51,1,-1,-1,-1
167,48,27.24,516.27,80.88,233.93,1,-1,-1,-1
167,46,1516.21,356.04,105.58,319.14,1,-1,-1,-1
167,44,329.98,387.29,137.52,481.50,1,-1,-1,-1
167,37,427.75,312.89,226.25,566.62,1,-1,-1,-1
167,6,1034.22,26.99,425.54,1043.83,1,-1,-1,-1
167,1,708.52,171.44,362.83,893.18,1,-1,-1,-1
168,46,1511.92,364.07,106.34,309.65,1,-1,-1,-1
168,44,354.63,393.44,135.46,490.19,1,-1,-1,-1
168,37,436.01,312.87,217.31,564.42,1,-1,-1,-1
168,6,1012.51,28.12,439.28,1048.30,1,-1,-1,-1
168,1,688.47,177.44,367.48,894.74,1,-1,-1,-1
169,49,1385.06,435.64,76.97,266.18,1,-1,-1,-1
169,46,1513.63,373.94,104.02,298.06,1,-1,-1,-1
169,44,368.33,392.16,143.93,486.54,1,-1,-1,-1
169,37,444.45,295.86,224.64,583.29,1,-1,-1,-1
169,6,1001.93,36.25,436.66,1046.24,1,-1,-1,-1
169,1,672.98,169.13,370.64,903.67,1,-1,-1,-1
170,49,1382.56,427.31,80.36,269.17,1,-1,-1,-1
170,46,1519.23,373.50,101.29,296.06,1,-1,-1,-1
170,44,373.99,403.96,149.19,468.12,1,-1,-1,-1
170,37,454.01,292.84,224.54,581.05,1,-1,-1,-1
170,6,1003.99,22.28,432.36,1053.10,1,-1,-1,-1
170,1,649.06,155.52,365.65,900.33,1,-1,-1,-1
171,49,1382.27,423.30,80.60,269.54,1,-1,-1,-1
171,46,1522.58,363.64,100.50,299.85,1,-1,-1,-1
171,44,386.19,401.86,153.36,464.00,1,-1,-1,-1
171,37,487.03,304.40,200.24,579.83,1,-1,-1,-1
171,6,982.88,15.44,436.74,1059.62,1,-1,-1,-1
171,1,625.44,142.56,363.10,910.36,1,-1,-1,-1
172,49,1383.36,420.08,88.94,276.04,1,-1,-1,-1
172,46,1534.46,370.31,98.13,298.88,1,-1,-1,-1
172,44,396.19,408.34,158.91,458.20,1,-1,-1,-1
172,37,523.80,336.89,181.28,553.69,1,-1,-1,-1
172,6,979.91,28.80,432.08,1049.71,1,-1,-1,-1
172,1,609.01,129.48,365.15,910.61,1,-1,-1,-1
173,50,25.39,539.06,78.51,233.05,1,-1,-1,-1
173,49,1380.79,417.92,86.77,272.10,1,-1,-1,-1
173,46,1539.63,373.40,100.51,303.68,1,-1,-1,-1
173,44,424.69,415.90,151.67,438.83,1,-1,-1,-1
173,37,545.23,285.51,167.37,513.56,1,-1,-1,-1
173,6,954.23,19.93,420.08,1050.39,1,-1,-1,-1
173,1,590.33,132.42,371.21,904.39,1,-1,-1,-1
174,52,364.02,418.29,135.05,426.94,1,-1,-1,-1
174,50,10.79,491.81,88.59,272.39,1,-1,-1,-1
174,49,1381.67,415.40,86.10,273.42,1,-1,-1,-1
174,46,1540.34,371.18,101.36,306.70,1,-1,-1,-1
174,44,446.56,404.94,148.77,448.10,1,-1,-1,-1
174,6,962.88,12.67,413.08,1049.66,1,-1,-1,-1
174,1,571.58,132.72,379.01,906.61,1,-1,-1,-1
175,53,1332.93,510.87,68.79,187.50,1,-1,-1,-1
175,52,363.96,399.89,149.99,470.21,1,-1,-1,-1
175,50,2.72,473.03,91.31,278.76,1,-1,-1,-1
175,49,1382.93,416.13,86.36,272.09,1,-1,-1,-1
175,46,1542.03,378.55,103.61,308.84,1,-1,-1,-1
175,44,485.43,370.74,139.18,406.63,1,-1,-1,-1
175,6,951.41,16.98,403.88,1048.39,1,-1,-1,-1
175,1,539.30,136.85,388.35,909.60,1,-1,-1,-1
176,53,1335.85,517.53,64.92,186.80,1,-1,-1,-1
176,52,365.25,386.42,152.56,453.77,1,-1,-1,-1
176,50,5.90,465.74,94.09,277.49,1,-1,-1,-1
176,49,1380.56,416.32,96.00,275.73,1,-1,-1,-1
176,46,1551.77,377.16,101.82,310.19,1,-1,-1,-1
176,6,932.52,4.98,397.32,1048.51,1,-1,-1,-1
176,1,524.61,137.95,378.95,913.05,1,-1,-1,-1
177,53,1326.39,520.96,64.99,177.64,1,-1,-1,-1
177,52,365.16,402.79,150.80,438.10,1,-1,-1,-1
177,50,9.97,480.11,90.67,270.26,1,-1,-1,-1
177,49,1379.07,417.73,105.39,278.35,1,-1,-1,-1
177,46,1557.65,379.62,98.41,306.39,1,-1,-1,-1
177,6,924.58,5.44,392.52,1052.29,1,-1,-1,-1
177,1,511.93,133.98,378.67,920.66,1,-1,-1,-1
178,53,1328.12,513.47,67.42,178.43,1,-1,-1,-1
178,52,370.68,408.97,141.68,423.64,1,-1,-1,-1
178,50,16.21,485.39,93.51,273.89,1,-1,-1,-1
178,49,1383.38,415.07,101.56,276.81,1,-1,-1,-1
178,46,1554.41,370.53,102.08,311.19,1,-1,-1,-1
178,6,919.33,8.34,383.79,1055.93,1,-1,-1,-1
178,1,497.32,130.43,378.46,924.62,1,-1,-1,-1
179,53,1331.90,515.17,65.20,181.70,1,-1,-1,-1
179,52,369.51,399.42,133.12,414.41,1,-1,-1,-1
179,50,8.22,487.95,100.77,277.46,1,-1,-1,-1
179,49,1389.44,416.93,97.52,278.30,1,-1,-1,-1
179,46,1555.97,376.00,107.98,307.63,1,-1,-1,-1
179,6,904.97,3.80,389.85,1062.25,1,-1,-1,-1
179,1,477.99,144.23,387.87,916.43,1,-1,-1,-1
