6,1,748.744,152.562,781.1850000000001,207.68300000000002
7,1,748.744,152.562,781.1850000000001,207.68300000000002
8,1,748.744,152.562,781.1850000000001,207.68300000000002
9,1,748.744,152.562,781.1850000000001,207.68300000000002
10,1,748.744,152.562,781.1850000000001,207.68300000000002
11,1,748.744,152.562,781.1850000000001,207.68300000000002
12,1,748.744,152.562,781.1850000000001,207.68300000000002
12,2,773.655,161.69,812.98,219.43
13,1,748.744,152.562,781.1850000000001,207.68300000000002
13,2,773.655,161.69,812.98,219.43
14,1,748.744,152.562,781.1850000000001,207.68300000000002
14,2,773.655,161.69,812.98,219.43
14,4,707.342,143.974,732.233,209.57
15,2,773.655,161.69,812.98,219.43
15,4,707.342,143.974,732.233,209.57
15,5,803.566,156.363,839.9150000000001,224.256
16,2,773.655,161.69,812.98,219.43
16,4,707.342,143.974,732.233,209.57
16,5,803.566,156.363,839.9150000000001,224.256
16,3,152.415,191.835,194.71699999999998,272.575
17,5,803.566,156.363,839.9150000000001,224.256
17,3,152.415,191.835,194.71699999999998,272.575
18,5,803.566,156.363,839.9150000000001,224.256
18,3,152.415,191.835,194.71699999999998,272.575
19,5,803.566,156.363,839.9150000000001,224.256
19,7,819.651,161.193,854.413,213.389
20,5,803.566,156.363,839.9150000000001,224.256
20,7,819.651,161.193,854.413,213.389
21,7,819.651,161.193,854.413,213.389
21,10,746.098,153.731,777.862,227.692
21,12,845.271,176.797,877.6089999999999,243.207
21,13,872.699,178.616,909.5749999999999,246.031
22,10,746.098,153.731,777.862,227.692
22,12,845.271,176.797,877.6089999999999,243.207
22,13,872.699,178.616,909.5749999999999,246.031
23,10,746.098,153.731,777.862,227.692
23,12,845.271,176.797,877.6089999999999,243.207
23,13,872.699,178.616,909.5749999999999,246.031
23,14,896.779,177.094,929.515,247.349
23,15,908.617,155.248,949.803,238.96499999999997
24,13,872.699,178.616,909.5749999999999,246.031
24,14,896.779,177.094,929.515,247.349
24,15,908.617,155.248,949.803,238.96499999999997
25,13,872.699,178.616,909.5749999999999,246.031
25,14,896.779,177.094,929.515,247.349
25,15,908.617,155.248,949.803,238.96499999999997
26,15,908.617,155.248,949.803,238.96499999999997
26,16,950.865,171.878,983.2330000000001,259.459
27,15,908.617,155.248,949.803,238.96499999999997
27,16,950.865,171.878,983.2330000000001,259.459
27,18,967.972,161.386,1020.9499999999999,255.048
28,16,950.865,171.878,983.2330000000001,259.459
28,18,967.972,161.386,1020.9499999999999,255.048
28,19,998.636,163.098,1045.44,284.423
29,18,967.972,161.386,1020.9499999999999,255.048
29,19,998.636,163.098,1045.44,284.423
29,20,1039.71,161.036,1092.3700000000001,295.611
30,19,998.636,163.098,1045.44,284.423
30,20,1039.71,161.036,1092.3700000000001,295.611
30,22,1112.75,156.955,1174.69,312.36400000000003
31,20,1039.71,161.036,1092.3700000000001,295.611
31,22,1112.75,156.955,1174.69,312.36400000000003
31,23,1190.58,140.167,1241.0,316.685
32,22,1112.75,156.955,1174.69,312.36400000000003
32,23,1190.58,140.167,1241.0,316.685
33,23,1190.58,140.167,1241.0,316.685
37,11,365.71,135.083,398.17499999999995,214.098
38,11,365.71,135.083,398.17499999999995,214.098
39,11,365.71,135.083,398.17499999999995,214.098
40,11,365.71,135.083,398.17499999999995,214.098
41,25,351.273,165.974,387.793,241.31799999999998
42,25,351.273,165.974,387.793,241.31799999999998
43,25,351.273,165.974,387.793,241.31799999999998
44,27,308.793,175.611,341.00600000000003,238.803
45,27,308.793,175.611,341.00600000000003,238.803
45,29,602.48,130.973,637.611,186.81
46,27,308.793,175.611,341.00600000000003,238.803
46,29,602.48,130.973,637.611,186.81
46,8,135.633,153.144,177.12300000000002,239.877
46,30,283.958,189.573,318.84900000000005,252.442
47,29,602.48,130.973,637.611,186.81
47,8,135.633,153.144,177.12300000000002,239.877
47,30,283.958,189.573,318.84900000000005,252.442
47,9,119.39,140.098,155.063,226.68900000000002
48,29,602.48,130.973,637.611,186.81
48,8,135.633,153.144,177.12300000000002,239.877
48,30,283.958,189.573,318.84900000000005,252.442
48,9,119.39,140.098,155.063,226.68900000000002
49,29,602.48,130.973,637.611,186.81
49,9,119.39,140.098,155.063,226.68900000000002
49,6,67.7724,202.688,113.219,276.159
49,28,189.992,160.966,224.033,244.263
50,29,602.48,130.973,637.611,186.81
50,6,67.7724,202.688,113.219,276.159
50,28,189.992,160.966,224.033,244.263
50,31,162.367,150.922,204.301,235.976
51,29,602.48,130.973,637.611,186.81
51,6,67.7724,202.688,113.219,276.159
51,28,189.992,160.966,224.033,244.263
51,31,162.367,150.922,204.301,235.976
51,17,14.3844,151.489,48.7589,229.234
52,29,602.48,130.973,637.611,186.81
52,31,162.367,150.922,204.301,235.976
52,17,14.3844,151.489,48.7589,229.234
52,34,101.322,162.234,140.314,245.352
53,29,602.48,130.973,637.611,186.81
53,17,14.3844,151.489,48.7589,229.234
53,34,101.322,162.234,140.314,245.352
54,29,602.48,130.973,637.611,186.81
54,34,101.322,162.234,140.314,245.352
55,29,602.48,130.973,637.611,186.81
55,26,325.819,170.206,366.968,229.132
55,33,213.932,188.527,249.63,266.417
56,29,602.48,130.973,637.611,186.81
56,26,325.819,170.206,366.968,229.132
56,33,213.932,188.527,249.63,266.417
56,37,1209.63,193.364,1239.1000000000001,323.293
57,29,602.48,130.973,637.611,186.81
57,26,325.819,170.206,366.968,229.132
57,33,213.932,188.527,249.63,266.417
57,37,1209.63,193.364,1239.1000000000001,323.293
58,29,602.48,130.973,637.611,186.81
58,26,325.819,170.206,366.968,229.132
58,33,213.932,188.527,249.63,266.417
58,37,1209.63,193.364,1239.1000000000001,323.293
59,29,602.48,130.973,637.611,186.81
59,26,325.819,170.206,366.968,229.132
60,29,602.48,130.973,637.611,186.81
60,26,325.819,170.206,366.968,229.132
60,42,570.575,130.316,626.6850000000001,201.92700000000002
61,42,570.575,130.316,626.6850000000001,201.92700000000002
62,42,570.575,130.316,626.6850000000001,201.92700000000002
62,24,791.86,163.656,837.042,230.36599999999999
62,32,234.423,186.787,271.351,267.102
62,46,730.052,141.929,760.1370000000001,220.09199999999998
63,42,570.575,130.316,626.6850000000001,201.92700000000002
63,24,791.86,163.656,837.042,230.36599999999999
63,32,234.423,186.787,271.351,267.102
63,46,730.052,141.929,760.1370000000001,220.09199999999998
63,48,439.119,133.135,469.862,212.636
64,42,570.575,130.316,626.6850000000001,201.92700000000002
64,24,791.86,163.656,837.042,230.36599999999999
64,32,234.423,186.787,271.351,267.102
64,46,730.052,141.929,760.1370000000001,220.09199999999998
64,48,439.119,133.135,469.862,212.636
65,42,570.575,130.316,626.6850000000001,201.92700000000002
65,24,791.86,163.656,837.042,230.36599999999999
65,32,234.423,186.787,271.351,267.102
65,46,730.052,141.929,760.1370000000001,220.09199999999998
65,48,439.119,133.135,469.862,212.636
65,49,181.217,163.921,234.11200000000002,272.133
66,42,570.575,130.316,626.6850000000001,201.92700000000002
66,24,791.86,163.656,837.042,230.36599999999999
66,46,730.052,141.929,760.1370000000001,220.09199999999998
66,48,439.119,133.135,469.862,212.636
66,49,181.217,163.921,234.11200000000002,272.133
66,36,131.19,192.547,175.7,286.08299999999997
67,42,570.575,130.316,626.6850000000001,201.92700000000002
67,24,791.86,163.656,837.042,230.36599999999999
67,48,439.119,133.135,469.862,212.636
67,49,181.217,163.921,234.11200000000002,272.133
67,36,131.19,192.547,175.7,286.08299999999997
67,38,50.5561,194.691,105.195,313.694
68,42,570.575,130.316,626.6850000000001,201.92700000000002
68,24,791.86,163.656,837.042,230.36599999999999
68,48,439.119,133.135,469.862,212.636
68,36,131.19,192.547,175.7,286.08299999999997
68,38,50.5561,194.691,105.195,313.694
68,35,45.1315,159.589,88.27180000000001,256.611
69,42,570.575,130.316,626.6850000000001,201.92700000000002
69,24,791.86,163.656,837.042,230.36599999999999
69,48,439.119,133.135,469.862,212.636
69,38,50.5561,194.691,105.195,313.694
69,35,45.1315,159.589,88.27180000000001,256.611
69,39,6.95132,186.663,63.966820000000006,329.312
69,43,306.455,158.209,348.34999999999997,262.741
69,52,743.935,158.443,779.7259999999999,222.60200000000003
70,42,570.575,130.316,626.6850000000001,201.92700000000002
70,24,791.86,163.656,837.042,230.36599999999999
70,35,45.1315,159.589,88.27180000000001,256.611
70,39,6.95132,186.663,63.966820000000006,329.312
70,43,306.455,158.209,348.34999999999997,262.741
70,52,743.935,158.443,779.7259999999999,222.60200000000003
70,53,905.575,145.612,937.9250000000001,238.238
71,42,570.575,130.316,626.6850000000001,201.92700000000002
71,39,6.95132,186.663,63.966820000000006,329.312
71,43,306.455,158.209,348.34999999999997,262.741
71,52,743.935,158.443,779.7259999999999,222.60200000000003
71,53,905.575,145.612,937.9250000000001,238.238
71,41,754.287,138.204,793.423,217.97500000000002
71,44,287.469,165.77,327.324,252.25400000000002
71,50,869.518,157.651,898.9290000000001,236.118
71,56,384.079,157.063,413.818,226.265
72,43,306.455,158.209,348.34999999999997,262.741
72,52,743.935,158.443,779.7259999999999,222.60200000000003
72,53,905.575,145.612,937.9250000000001,238.238
72,41,754.287,138.204,793.423,217.97500000000002
72,44,287.469,165.77,327.324,252.25400000000002
72,50,869.518,157.651,898.9290000000001,236.118
72,56,384.079,157.063,413.818,226.265
72,51,779.65,164.017,815.6999999999999,242.339
73,52,743.935,158.443,779.7259999999999,222.60200000000003
73,53,905.575,145.612,937.9250000000001,238.238
73,41,754.287,138.204,793.423,217.97500000000002
73,44,287.469,165.77,327.324,252.25400000000002
73,50,869.518,157.651,898.9290000000001,236.118
73,56,384.079,157.063,413.818,226.265
73,51,779.65,164.017,815.6999999999999,242.339
73,40,354.24,174.958,389.122,241.59699999999998
73,45,256.528,172.511,304.661,258.209
73,59,1130.77,160.235,1203.32,255.476
73,61,1163.26,150.725,1237.1,317.842
73,62,947.093,163.059,982.948,249.995
74,52,743.935,158.443,779.7259999999999,222.60200000000003
74,53,905.575,145.612,937.9250000000001,238.238
74,41,754.287,138.204,793.423,217.97500000000002
74,44,287.469,165.77,327.324,252.25400000000002
74,50,869.518,157.651,898.9290000000001,236.118
74,51,779.65,164.017,815.6999999999999,242.339
74,40,354.24,174.958,389.122,241.59699999999998
74,45,256.528,172.511,304.661,258.209
74,59,1130.77,160.235,1203.32,255.476
74,61,1163.26,150.725,1237.1,317.842
74,62,947.093,163.059,982.948,249.995
74,63,973.717,150.298,1012.68,255.409
75,52,743.935,158.443,779.7259999999999,222.60200000000003
75,53,905.575,145.612,937.9250000000001,238.238
75,41,754.287,138.204,793.423,217.97500000000002
75,51,779.65,164.017,815.6999999999999,242.339
75,40,354.24,174.958,389.122,241.59699999999998
75,45,256.528,172.511,304.661,258.209
75,59,1130.77,160.235,1203.32,255.476
75,61,1163.26,150.725,1237.1,317.842
75,62,947.093,163.059,982.948,249.995
75,63,973.717,150.298,1012.68,255.409
75,64,887.615,155.978,979.008,294.655
76,41,754.287,138.204,793.423,217.97500000000002
76,51,779.65,164.017,815.6999999999999,242.339
76,40,354.24,174.958,389.122,241.59699999999998
76,45,256.528,172.511,304.661,258.209
76,61,1163.26,150.725,1237.1,317.842
76,63,973.717,150.298,1012.68,255.409
76,64,887.615,155.978,979.008,294.655
76,55,1007.54,208.922,1059.48,291.39300000000003
76,65,993.118,149.466,1044.76,268.387
77,41,754.287,138.204,793.423,217.97500000000002
77,51,779.65,164.017,815.6999999999999,242.339
77,45,256.528,172.511,304.661,258.209
77,64,887.615,155.978,979.008,294.655
77,55,1007.54,208.922,1059.48,291.39300000000003
77,65,993.118,149.466,1044.76,268.387
77,21,1067.76,149.432,1125.98,310.37
77,67,224.291,159.262,263.241,265.565
77,69,866.832,185.434,896.126,257.681
78,51,779.65,164.017,815.6999999999999,242.339
78,64,887.615,155.978,979.008,294.655
78,55,1007.54,208.922,1059.48,291.39300000000003
78,65,993.118,149.466,1044.76,268.387
78,21,1067.76,149.432,1125.98,310.37
78,67,224.291,159.262,263.241,265.565
78,69,866.832,185.434,896.126,257.681
78,57,834.35,160.79,875.3240000000001,239.225
79,51,779.65,164.017,815.6999999999999,242.339
79,64,887.615,155.978,979.008,294.655
79,65,993.118,149.466,1044.76,268.387
79,21,1067.76,149.432,1125.98,310.37
79,67,224.291,159.262,263.241,265.565
79,69,866.832,185.434,896.126,257.681
79,57,834.35,160.79,875.3240000000001,239.225
79,70,182.983,166.163,224.323,253.904
79,71,897.796,172.971,927.956,262.426
80,51,779.65,164.017,815.6999999999999,242.339
80,21,1067.76,149.432,1125.98,310.37
80,67,224.291,159.262,263.241,265.565
80,69,866.832,185.434,896.126,257.681
80,57,834.35,160.79,875.3240000000001,239.225
80,70,182.983,166.163,224.323,253.904
80,71,897.796,172.971,927.956,262.426
80,54,1105.72,145.776,1159.06,242.21
81,51,779.65,164.017,815.6999999999999,242.339
81,21,1067.76,149.432,1125.98,310.37
81,67,224.291,159.262,263.241,265.565
81,69,866.832,185.434,896.126,257.681
81,57,834.35,160.79,875.3240000000001,239.225
81,70,182.983,166.163,224.323,253.904
81,71,897.796,172.971,927.956,262.426
81,54,1105.72,145.776,1159.06,242.21
81,47,458.046,139.614,487.62399999999997,211.29000000000002
81,73,1150.31,146.688,1241.0,374.0
81,74,801.434,167.713,849.004,272.111
81,75,138.082,165.584,192.373,264.279
82,51,779.65,164.017,815.6999999999999,242.339
82,67,224.291,159.262,263.241,265.565
82,69,866.832,185.434,896.126,257.681
82,57,834.35,160.79,875.3240000000001,239.225
82,70,182.983,166.163,224.323,253.904
82,71,897.796,172.971,927.956,262.426
82,54,1105.72,145.776,1159.06,242.21
82,47,458.046,139.614,487.62399999999997,211.29000000000002
82,73,1150.31,146.688,1241.0,374.0
82,74,801.434,167.713,849.004,272.111
82,75,138.082,165.584,192.373,264.279
83,51,779.65,164.017,815.6999999999999,242.339
83,67,224.291,159.262,263.241,265.565
83,69,866.832,185.434,896.126,257.681
83,57,834.35,160.79,875.3240000000001,239.225
83,70,182.983,166.163,224.323,253.904
83,71,897.796,172.971,927.956,262.426
83,47,458.046,139.614,487.62399999999997,211.29000000000002
83,73,1150.31,146.688,1241.0,374.0
83,74,801.434,167.713,849.004,272.111
83,75,138.082,165.584,192.373,264.279
84,51,779.65,164.017,815.6999999999999,242.339
84,69,866.832,185.434,896.126,257.681
84,57,834.35,160.79,875.3240000000001,239.225
84,70,182.983,166.163,224.323,253.904
84,71,897.796,172.971,927.956,262.426
84,74,801.434,167.713,849.004,272.111
84,75,138.082,165.584,192.373,264.279
84,76,98.8431,177.246,146.01600000000002,273.377
84,78,434.197,159.566,470.507,223.878
85,51,779.65,164.017,815.6999999999999,242.339
85,69,866.832,185.434,896.126,257.681
85,57,834.35,160.79,875.3240000000001,239.225
85,71,897.796,172.971,927.956,262.426
85,74,801.434,167.713,849.004,272.111
85,75,138.082,165.584,192.373,264.279
85,76,98.8431,177.246,146.01600000000002,273.377
85,78,434.197,159.566,470.507,223.878
85,79,61.6508,173.412,122.752,292.531
85,81,40.6761,186.173,87.9257,294.59000000000003
86,51,779.65,164.017,815.6999999999999,242.339
86,57,834.35,160.79,875.3240000000001,239.225
86,75,138.082,165.584,192.373,264.279
86,76,98.8431,177.246,146.01600000000002,273.377
86,78,434.197,159.566,470.507,223.878
86,79,61.6508,173.412,122.752,292.531
86,81,40.6761,186.173,87.9257,294.59000000000003
86,83,900.75,145.223,965.47,356.663
86,85,412.189,165.562,442.66400000000004,217.394
87,51,779.65,164.017,815.6999999999999,242.339
87,75,138.082,165.584,192.373,264.279
87,79,61.6508,173.412,122.752,292.531
87,81,40.6761,186.173,87.9257,294.59000000000003
87,83,900.75,145.223,965.47,356.663
87,85,412.189,165.562,442.66400000000004,217.394
87,80,926.422,187.412,971.152,292.731
87,82,876.97,158.092,924.714,333.499
87,87,389.965,162.266,420.65999999999997,220.357
88,75,138.082,165.584,192.373,264.279
88,81,40.6761,186.173,87.9257,294.59000000000003
88,83,900.75,145.223,965.47,356.663
88,85,412.189,165.562,442.66400000000004,217.394
88,80,926.422,187.412,971.152,292.731
88,82,876.97,158.092,924.714,333.499
88,87,389.965,162.266,420.65999999999997,220.357
88,88,959.29,143.291,1052.61,362.553
89,75,138.082,165.584,192.373,264.279
89,83,900.75,145.223,965.47,356.663
89,80,926.422,187.412,971.152,292.731
89,82,876.97,158.092,924.714,333.499
89,87,389.965,162.266,420.65999999999997,220.357
89,88,959.29,143.291,1052.61,362.553
89,90,1017.19,135.73,1127.3700000000001,367.128
90,75,138.082,165.584,192.373,264.279
90,83,900.75,145.223,965.47,356.663
90,80,926.422,187.412,971.152,292.731
90,87,389.965,162.266,420.65999999999997,220.357
90,88,959.29,143.291,1052.61,362.553
90,90,1017.19,135.73,1127.3700000000001,367.128
90,60,1042.23,204.97,1100.74,303.145
90,77,1214.91,163.429,1241.0,333.61199999999997
90,93,806.722,173.305,834.511,223.644
91,80,926.422,187.412,971.152,292.731
91,88,959.29,143.291,1052.61,362.553
91,90,1017.19,135.73,1127.3700000000001,367.128
91,60,1042.23,204.97,1100.74,303.145
91,77,1214.91,163.429,1241.0,333.61199999999997
91,93,806.722,173.305,834.511,223.644
91,66,323.798,171.853,354.764,243.15300000000002
91,94,58.0955,174.513,109.221,253.012
91,96,1150.2,127.816,1230.99,333.497
92,88,959.29,143.291,1052.61,362.553
92,60,1042.23,204.97,1100.74,303.145
92,77,1214.91,163.429,1241.0,333.61199999999997
92,93,806.722,173.305,834.511,223.644
92,66,323.798,171.853,354.764,243.15300000000002
92,94,58.0955,174.513,109.221,253.012
92,96,1150.2,127.816,1230.99,333.497
92,97,1102.13,218.488,1163.92,355.878
93,60,1042.23,204.97,1100.74,303.145
93,77,1214.91,163.429,1241.0,333.61199999999997
93,66,323.798,171.853,354.764,243.15300000000002
93,94,58.0955,174.513,109.221,253.012
93,96,1150.2,127.816,1230.99,333.497
93,97,1102.13,218.488,1163.92,355.878
93,72,257.329,174.637,296.596,262.375
93,98,279.47,170.877,326.46000000000004,254.284
94,66,323.798,171.853,354.764,243.15300000000002
94,97,1102.13,218.488,1163.92,355.878
94,72,257.329,174.637,296.596,262.375
94,98,279.47,170.877,326.46000000000004,254.284
95,97,1102.13,218.488,1163.92,355.878
95,72,257.329,174.637,296.596,262.375
95,98,279.47,170.877,326.46000000000004,254.284
96,72,257.329,174.637,296.596,262.375
96,98,279.47,170.877,326.46000000000004,254.284
96,102,216.925,170.52,284.299,275.665
96,106,905.845,161.953,935.054,217.708
97,72,257.329,174.637,296.596,262.375
97,102,216.925,170.52,284.299,275.665
97,106,905.845,161.953,935.054,217.708
97,92,92.7214,173.007,138.334,264.403
97,103,822.336,170.663,855.021,221.247
97,105,177.79,174.38,252.124,290.432
98,102,216.925,170.52,284.299,275.665
98,106,905.845,161.953,935.054,217.708
98,92,92.7214,173.007,138.334,264.403
98,103,822.336,170.663,855.021,221.247
98,105,177.79,174.38,252.124,290.432
98,84,846.383,185.403,885.2660000000001,286.164
98,104,1149.44,197.085,1202.26,292.961
98,108,134.377,165.095,205.955,308.773
98,110,922.89,157.624,946.347,215.201
99,106,905.845,161.953,935.054,217.708
99,92,92.7214,173.007,138.334,264.403
99,103,822.336,170.663,855.021,221.247
99,105,177.79,174.38,252.124,290.432
99,84,846.383,185.403,885.2660000000001,286.164
99,104,1149.44,197.085,1202.26,292.961
99,108,134.377,165.095,205.955,308.773
99,110,922.89,157.624,946.347,215.201
100,92,92.7214,173.007,138.334,264.403
100,84,846.383,185.403,885.2660000000001,286.164
100,104,1149.44,197.085,1202.26,292.961
100,108,134.377,165.095,205.955,308.773
100,110,922.89,157.624,946.347,215.201
100,111,7.75435,154.632,78.06145000000001,345.654
100,112,931.61,146.909,961.9,236.639
100,113,1022.0,176.68,1049.51,249.622
101,92,92.7214,173.007,138.334,264.403
101,84,846.383,185.403,885.2660000000001,286.164
101,111,7.75435,154.632,78.06145000000001,345.654
101,112,931.61,146.909,961.9,236.639
101,113,1022.0,176.68,1049.51,249.622
102,84,846.383,185.403,885.2660000000001,286.164
102,111,7.75435,154.632,78.06145000000001,345.654
102,112,931.61,146.909,961.9,236.639
102,113,1022.0,176.68,1049.51,249.622
102,114,945.298,165.637,979.15,246.775
102,115,1046.82,165.971,1082.3999999999999,254.635
102,116,853.935,177.097,905.8019999999999,228.614
103,111,7.75435,154.632,78.06145000000001,345.654
103,114,945.298,165.637,979.15,246.775
103,115,1046.82,165.971,1082.3999999999999,254.635
103,116,853.935,177.097,905.8019999999999,228.614
103,99,1084.5,198.339,1133.08,308.404
104,114,945.298,165.637,979.15,246.775
104,115,1046.82,165.971,1082.3999999999999,254.635
104,116,853.935,177.097,905.8019999999999,228.614
104,99,1084.5,198.339,1133.08,308.404
104,101,891.688,160.757,917.462,217.89000000000001
104,109,986.181,168.928,1019.57,246.118
105,116,853.935,177.097,905.8019999999999,228.614
105,99,1084.5,198.339,1133.08,308.404
105,101,891.688,160.757,917.462,217.89000000000001
105,109,986.181,168.928,1019.57,246.118
106,101,891.688,160.757,917.462,217.89000000000001
106,109,986.181,168.928,1019.57,246.118
106,119,1135.11,154.67,1179.6599999999999,276.94599999999997
106,120,885.722,172.592,939.602,239.74
107,109,986.181,168.928,1019.57,246.118
107,119,1135.11,154.67,1179.6599999999999,276.94599999999997
107,120,885.722,172.592,939.602,239.74
107,107,1195.65,200.083,1241.0,306.498
108,109,986.181,168.928,1019.57,246.118
108,119,1135.11,154.67,1179.6599999999999,276.94599999999997
108,120,885.722,172.592,939.602,239.74
108,107,1195.65,200.083,1241.0,306.498
108,122,1018.55,159.653,1056.02,248.668
108,123,203.874,167.836,236.236,237.034
109,120,885.722,172.592,939.602,239.74
109,107,1195.65,200.083,1241.0,306.498
109,122,1018.55,159.653,1056.02,248.668
109,123,203.874,167.836,236.236,237.034
109,124,907.284,187.02,976.611,253.15300000000002
109,125,1045.81,162.969,1080.77,251.543
110,122,1018.55,159.653,1056.02,248.668
110,123,203.874,167.836,236.236,237.034
110,124,907.284,187.02,976.611,253.15300000000002
110,125,1045.81,162.969,1080.77,251.543
110,126,170.441,156.309,210.582,235.35899999999998
111,124,907.284,187.02,976.611,253.15300000000002
111,125,1045.81,162.969,1080.77,251.543
111,126,170.441,156.309,210.582,235.35899999999998
112,124,907.284,187.02,976.611,253.15300000000002
112,125,1045.81,162.969,1080.77,251.543
112,126,170.441,156.309,210.582,235.35899999999998
112,118,1106.6,154.089,1149.6399999999999,272.798
112,128,139.53,154.054,178.275,237.114
113,124,907.284,187.02,976.611,253.15300000000002
113,118,1106.6,154.089,1149.6399999999999,272.798
113,128,139.53,154.054,178.275,237.114
114,118,1106.6,154.089,1149.6399999999999,272.798
114,128,139.53,154.054,178.275,237.114
114,129,90.3844,151.136,137.614,238.0
115,118,1106.6,154.089,1149.6399999999999,272.798
115,129,90.3844,151.136,137.614,238.0
115,130,1138.45,158.142,1205.08,266.855
115,131,464.255,168.033,491.712,224.749
116,118,1106.6,154.089,1149.6399999999999,272.798
116,129,90.3844,151.136,137.614,238.0
116,130,1138.45,158.142,1205.08,266.855
116,131,464.255,168.033,491.712,224.749
116,132,37.1905,149.268,88.8121,238.78
117,118,1106.6,154.089,1149.6399999999999,272.798
117,130,1138.45,158.142,1205.08,266.855
117,131,464.255,168.033,491.712,224.749
117,132,37.1905,149.268,88.8121,238.78
117,134,11.3238,155.142,59.890699999999995,251.25900000000001
118,118,1106.6,154.089,1149.6399999999999,272.798
118,130,1138.45,158.142,1205.08,266.855
118,131,464.255,168.033,491.712,224.749
118,132,37.1905,149.268,88.8121,238.78
118,134,11.3238,155.142,59.890699999999995,251.25900000000001
118,127,1077.58,151.829,1120.87,238.774
118,133,1197.36,152.411,1241.0,255.85399999999998
118,136,441.03,171.314,468.806,247.94
119,130,1138.45,158.142,1205.08,266.855
119,134,11.3238,155.142,59.890699999999995,251.25900000000001
119,127,1077.58,151.829,1120.87,238.774
119,133,1197.36,152.411,1241.0,255.85399999999998
119,136,441.03,171.314,468.806,247.94
120,130,1138.45,158.142,1205.08,266.855
120,127,1077.58,151.829,1120.87,238.774
120,133,1197.36,152.411,1241.0,255.85399999999998
120,136,441.03,171.314,468.806,247.94
120,100,1186.19,251.643,1241.0,360.81600000000003
121,133,1197.36,152.411,1241.0,255.85399999999998
121,136,441.03,171.314,468.806,247.94
121,100,1186.19,251.643,1241.0,360.81600000000003
121,139,409.173,180.197,446.13800000000003,260.379
122,100,1186.19,251.643,1241.0,360.81600000000003
122,139,409.173,180.197,446.13800000000003,260.379
123,139,409.173,180.197,446.13800000000003,260.379
123,140,389.19,176.611,427.37,269.935
124,140,389.19,176.611,427.37,269.935
124,91,364.722,163.761,402.72999999999996,240.44299999999998
125,140,389.19,176.611,427.37,269.935
125,91,364.722,163.761,402.72999999999996,240.44299999999998
125,95,340.85,171.02,378.904,249.40500000000003
126,91,364.722,163.761,402.72999999999996,240.44299999999998
126,95,340.85,171.02,378.904,249.40500000000003
127,95,340.85,171.02,378.904,249.40500000000003
127,68,308.646,177.607,337.78000000000003,245.552
128,95,340.85,171.02,378.904,249.40500000000003
128,68,308.646,177.607,337.78000000000003,245.552
129,68,308.646,177.607,337.78000000000003,245.552
131,146,222.324,186.188,285.116,333.596
132,146,222.324,186.188,285.116,333.596
133,146,222.324,186.188,285.116,333.596
133,148,121.567,190.767,217.272,361.235
134,148,121.567,190.767,217.272,361.235
134,147,2.14777,224.262,50.943670000000004,363.679
135,148,121.567,190.767,217.272,361.235
135,147,2.14777,224.262,50.943670000000004,363.679
136,147,2.14777,224.262,50.943670000000004,363.679
137,147,2.14777,224.262,50.943670000000004,363.679
138,149,356.874,165.579,410.211,241.65800000000002
139,149,356.874,165.579,410.211,241.65800000000002
140,149,356.874,165.579,410.211,241.65800000000002
142,150,669.648,158.154,700.229,263.096
143,150,669.648,158.154,700.229,263.096
143,144,287.344,183.826,336.368,306.297
143,151,54.9989,146.933,135.091,280.66499999999996
144,150,669.648,158.154,700.229,263.096
144,144,287.344,183.826,336.368,306.297
144,151,54.9989,146.933,135.091,280.66499999999996
145,150,669.648,158.154,700.229,263.096
145,144,287.344,183.826,336.368,306.297
145,151,54.9989,146.933,135.091,280.66499999999996
146,150,669.648,158.154,700.229,263.096
146,144,287.344,183.826,336.368,306.297
146,138,693.074,144.053,719.732,224.68200000000002
147,150,669.648,158.154,700.229,263.096
147,138,693.074,144.053,719.732,224.68200000000002
147,145,258.298,168.533,309.755,320.613
148,138,693.074,144.053,719.732,224.68200000000002
148,145,258.298,168.533,309.755,320.613
148,121,226.427,157.691,261.806,230.74
149,138,693.074,144.053,719.732,224.68200000000002
149,145,258.298,168.533,309.755,320.613
149,121,226.427,157.691,261.806,230.74
150,138,693.074,144.053,719.732,224.68200000000002
150,121,226.427,157.691,261.806,230.74
151,138,693.074,144.053,719.732,224.68200000000002
151,121,226.427,157.691,261.806,230.74
152,138,693.074,144.053,719.732,224.68200000000002
157,154,762.805,164.8,809.3439999999999,241.055
158,154,762.805,164.8,809.3439999999999,241.055
158,89,790.447,161.813,824.04,201.57899999999998
159,154,762.805,164.8,809.3439999999999,241.055
159,89,790.447,161.813,824.04,201.57899999999998
160,89,790.447,161.813,824.04,201.57899999999998
161,155,825.357,139.814,880.603,233.92899999999997
162,155,825.357,139.814,880.603,233.92899999999997
163,155,825.357,139.814,880.603,233.92899999999997
170,137,1051.64,190.888,1102.44,279.778
171,137,1051.64,190.888,1102.44,279.778
171,156,22.6254,95.7438,74.98429999999999,276.52279999999996
171,161,772.685,164.14,818.1809999999999,247.391
172,137,1051.64,190.888,1102.44,279.778
172,156,22.6254,95.7438,74.98429999999999,276.52279999999996
172,161,772.685,164.14,818.1809999999999,247.391
173,137,1051.64,190.888,1102.44,279.778
173,156,22.6254,95.7438,74.98429999999999,276.52279999999996
173,161,772.685,164.14,818.1809999999999,247.391
174,161,772.685,164.14,818.1809999999999,247.391
174,163,1117.13,173.701,1206.7,257.43399999999997
175,161,772.685,164.14,818.1809999999999,247.391
175,163,1117.13,173.701,1206.7,257.43399999999997
176,161,772.685,164.14,818.1809999999999,247.391
176,163,1117.13,173.701,1206.7,257.43399999999997
177,161,772.685,164.14,818.1809999999999,247.391
178,161,772.685,164.14,818.1809999999999,247.391
179,161,772.685,164.14,818.1809999999999,247.391
187,152,717.899,160.513,758.571,253.41500000000002
188,152,717.899,160.513,758.571,253.41500000000002
189,152,717.899,160.513,758.571,253.41500000000002
210,160,1005.92,162.111,1077.44,227.469
211,160,1005.92,162.111,1077.44,227.469
212,160,1005.92,162.111,1077.44,227.469
219,168,743.41,160.671,774.712,236.96499999999997
220,168,743.41,160.671,774.712,236.96499999999997
221,168,743.41,160.671,774.712,236.96499999999997
222,168,743.41,160.671,774.712,236.96499999999997
223,168,743.41,160.671,774.712,236.96499999999997
223,171,1069.05,18.878,1141.37,236.74599999999998
224,168,743.41,160.671,774.712,236.96499999999997
224,171,1069.05,18.878,1141.37,236.74599999999998
224,172,820.592,170.876,850.655,269.839
225,168,743.41,160.671,774.712,236.96499999999997
225,171,1069.05,18.878,1141.37,236.74599999999998
225,172,820.592,170.876,850.655,269.839
225,167,1149.3,6.88287,1232.21,259.70387
226,168,743.41,160.671,774.712,236.96499999999997
226,172,820.592,170.876,850.655,269.839
226,167,1149.3,6.88287,1232.21,259.70387
226,174,833.783,171.407,868.841,245.87800000000001
227,168,743.41,160.671,774.712,236.96499999999997
227,167,1149.3,6.88287,1232.21,259.70387
227,174,833.783,171.407,868.841,245.87800000000001
227,157,848.576,155.046,914.469,250.75599999999997
227,175,752.87,167.131,791.125,278.954
228,174,833.783,171.407,868.841,245.87800000000001
228,157,848.576,155.046,914.469,250.75599999999997
228,175,752.87,167.131,791.125,278.954
229,157,848.576,155.046,914.469,250.75599999999997
229,175,752.87,167.131,791.125,278.954
230,157,848.576,155.046,914.469,250.75599999999997
230,175,752.87,167.131,791.125,278.954
230,178,884.063,168.797,938.8679999999999,291.61699999999996
230,179,775.605,183.413,834.423,289.972
231,178,884.063,168.797,938.8679999999999,291.61699999999996
231,179,775.605,183.413,834.423,289.972
231,158,907.89,148.663,965.063,255.15800000000002
232,178,884.063,168.797,938.8679999999999,291.61699999999996
232,179,775.605,183.413,834.423,289.972
232,158,907.89,148.663,965.063,255.15800000000002
232,165,7.59586,152.717,64.57115999999999,276.87800000000004
232,181,805.277,186.204,869.046,328.68600000000004
233,158,907.89,148.663,965.063,255.15800000000002
233,165,7.59586,152.717,64.57115999999999,276.87800000000004
233,181,805.277,186.204,869.046,328.68600000000004
233,86,862.125,210.763,902.451,306.76800000000003
233,159,973.032,148.5,1048.63,251.998
234,165,7.59586,152.717,64.57115999999999,276.87800000000004
234,181,805.277,186.204,869.046,328.68600000000004
234,86,862.125,210.763,902.451,306.76800000000003
234,159,973.032,148.5,1048.63,251.998
235,86,862.125,210.763,902.451,306.76800000000003
235,159,973.032,148.5,1048.63,251.998
235,184,856.674,187.148,941.8589999999999,341.879
236,159,973.032,148.5,1048.63,251.998
236,184,856.674,187.148,941.8589999999999,341.879
236,183,927.601,154.257,1009.69,288.896
236,185,1001.6,155.674,1148.33,329.43600000000004
237,159,973.032,148.5,1048.63,251.998
237,184,856.674,187.148,941.8589999999999,341.879
237,183,927.601,154.257,1009.69,288.896
237,185,1001.6,155.674,1148.33,329.43600000000004
238,183,927.601,154.257,1009.69,288.896
238,185,1001.6,155.674,1148.33,329.43600000000004
238,135,1015.67,187.26,1072.32,285.178
238,187,1088.32,144.319,1241.0,340.01
238,189,554.393,168.664,578.202,226.72299999999998
239,185,1001.6,155.674,1148.33,329.43600000000004
239,135,1015.67,187.26,1072.32,285.178
239,187,1088.32,144.319,1241.0,340.01
239,189,554.393,168.664,578.202,226.72299999999998
239,177,1091.7,273.173,1142.65,363.541
240,185,1001.6,155.674,1148.33,329.43600000000004
240,135,1015.67,187.26,1072.32,285.178
240,187,1088.32,144.319,1241.0,340.01
240,189,554.393,168.664,578.202,226.72299999999998
240,177,1091.7,273.173,1142.65,363.541
240,162,1088.48,163.083,1151.44,245.53300000000002
240,190,727.809,160.372,758.03,196.205
241,187,1088.32,144.319,1241.0,340.01
241,177,1091.7,273.173,1142.65,363.541
241,162,1088.48,163.083,1151.44,245.53300000000002
241,190,727.809,160.372,758.03,196.205
241,192,740.799,141.983,777.029,218.889
242,162,1088.48,163.083,1151.44,245.53300000000002
242,190,727.809,160.372,758.03,196.205
242,192,740.799,141.983,777.029,218.889
242,193,709.858,164.963,744.0989999999999,221.069
243,162,1088.48,163.083,1151.44,245.53300000000002
243,190,727.809,160.372,758.03,196.205
243,192,740.799,141.983,777.029,218.889
243,193,709.858,164.963,744.0989999999999,221.069
244,162,1088.48,163.083,1151.44,245.53300000000002
244,190,727.809,160.372,758.03,196.205
244,193,709.858,164.963,744.0989999999999,221.069
245,162,1088.48,163.083,1151.44,245.53300000000002
245,190,727.809,160.372,758.03,196.205
245,193,709.858,164.963,744.0989999999999,221.069
245,196,1127.79,148.367,1190.76,277.587
246,190,727.809,160.372,758.03,196.205
246,193,709.858,164.963,744.0989999999999,221.069
246,196,1127.79,148.367,1190.76,277.587
246,198,488.526,184.149,523.865,230.36
247,190,727.809,160.372,758.03,196.205
247,193,709.858,164.963,744.0989999999999,221.069
247,196,1127.79,148.367,1190.76,277.587
247,198,488.526,184.149,523.865,230.36
247,199,467.245,165.347,499.12,234.574
248,193,709.858,164.963,744.0989999999999,221.069
248,196,1127.79,148.367,1190.76,277.587
248,198,488.526,184.149,523.865,230.36
248,199,467.245,165.347,499.12,234.574
248,200,1165.85,156.088,1241.0,301.04200000000003
249,193,709.858,164.963,744.0989999999999,221.069
249,198,488.526,184.149,523.865,230.36
249,199,467.245,165.347,499.12,234.574
249,200,1165.85,156.088,1241.0,301.04200000000003
249,166,423.337,132.994,459.4,223.148
249,201,440.078,168.471,485.95799999999997,236.061
250,193,709.858,164.963,744.0989999999999,221.069
250,199,467.245,165.347,499.12,234.574
250,200,1165.85,156.088,1241.0,301.04200000000003
250,166,423.337,132.994,459.4,223.148
250,201,440.078,168.471,485.95799999999997,236.061
251,193,709.858,164.963,744.0989999999999,221.069
251,166,423.337,132.994,459.4,223.148
251,201,440.078,168.471,485.95799999999997,236.061
252,166,423.337,132.994,459.4,223.148
252,201,440.078,168.471,485.95799999999997,236.061
252,203,454.303,175.788,481.914,242.334
253,166,423.337,132.994,459.4,223.148
253,201,440.078,168.471,485.95799999999997,236.061
253,203,454.303,175.788,481.914,242.334
253,197,1061.3,285.853,1096.35,360.31
253,205,383.065,175.701,415.986,258.851
254,166,423.337,132.994,459.4,223.148
254,203,454.303,175.788,481.914,242.334
254,197,1061.3,285.853,1096.35,360.31
254,205,383.065,175.701,415.986,258.851
255,166,423.337,132.994,459.4,223.148
255,197,1061.3,285.853,1096.35,360.31
255,205,383.065,175.701,415.986,258.851
255,202,400.05,167.746,433.62,255.858
255,207,352.555,182.776,390.181,287.372
255,208,715.089,172.458,743.7790000000001,239.135
256,166,423.337,132.994,459.4,223.148
256,202,400.05,167.746,433.62,255.858
256,207,352.555,182.776,390.181,287.372
256,208,715.089,172.458,743.7790000000001,239.135
256,209,330.035,169.976,371.23400000000004,294.846
257,166,423.337,132.994,459.4,223.148
257,202,400.05,167.746,433.62,255.858
257,207,352.555,182.776,390.181,287.372
257,208,715.089,172.458,743.7790000000001,239.135
257,209,330.035,169.976,371.23400000000004,294.846
257,210,733.43,170.491,761.1379999999999,241.233
258,202,400.05,167.746,433.62,255.858
258,207,352.555,182.776,390.181,287.372
258,208,715.089,172.458,743.7790000000001,239.135
258,209,330.035,169.976,371.23400000000004,294.846
258,210,733.43,170.491,761.1379999999999,241.233
258,211,280.734,167.304,346.789,332.254
259,202,400.05,167.746,433.62,255.858
259,207,352.555,182.776,390.181,287.372
259,208,715.089,172.458,743.7790000000001,239.135
259,209,330.035,169.976,371.23400000000004,294.846
259,210,733.43,170.491,761.1379999999999,241.233
259,211,280.734,167.304,346.789,332.254
259,212,742.247,175.146,774.77,245.35299999999998
260,202,400.05,167.746,433.62,255.858
260,207,352.555,182.776,390.181,287.372
260,209,330.035,169.976,371.23400000000004,294.846
260,210,733.43,170.491,761.1379999999999,241.233
260,211,280.734,167.304,346.789,332.254
260,212,742.247,175.146,774.77,245.35299999999998
260,153,123.895,144.715,259.81,315.654
261,202,400.05,167.746,433.62,255.858
261,207,352.555,182.776,390.181,287.372
261,209,330.035,169.976,371.23400000000004,294.846
261,211,280.734,167.304,346.789,332.254
261,212,742.247,175.146,774.77,245.35299999999998
261,153,123.895,144.715,259.81,315.654
261,214,370.259,176.136,421.00100000000003,288.047
262,202,400.05,167.746,433.62,255.858
262,207,352.555,182.776,390.181,287.372
262,209,330.035,169.976,371.23400000000004,294.846
262,211,280.734,167.304,346.789,332.254
262,212,742.247,175.146,774.77,245.35299999999998
262,153,123.895,144.715,259.81,315.654
262,214,370.259,176.136,421.00100000000003,288.047
262,213,230.67,164.305,288.31399999999996,351.51099999999997
262,215,767.937,164.109,808.6800000000001,267.216
263,202,400.05,167.746,433.62,255.858
263,207,352.555,182.776,390.181,287.372
263,209,330.035,169.976,371.23400000000004,294.846
263,211,280.734,167.304,346.789,332.254
263,212,742.247,175.146,774.77,245.35299999999998
263,153,123.895,144.715,259.81,315.654
263,214,370.259,176.136,421.00100000000003,288.047
263,213,230.67,164.305,288.31399999999996,351.51099999999997
263,215,767.937,164.109,808.6800000000001,267.216
263,216,259.801,202.553,298.156,292.783
263,217,789.233,167.506,833.91,252.243
264,207,352.555,182.776,390.181,287.372
264,209,330.035,169.976,371.23400000000004,294.846
264,211,280.734,167.304,346.789,332.254
264,153,123.895,144.715,259.81,315.654
264,214,370.259,176.136,421.00100000000003,288.047
264,213,230.67,164.305,288.31399999999996,351.51099999999997
264,215,767.937,164.109,808.6800000000001,267.216
264,216,259.801,202.553,298.156,292.783
264,217,789.233,167.506,833.91,252.243
265,207,352.555,182.776,390.181,287.372
265,209,330.035,169.976,371.23400000000004,294.846
265,211,280.734,167.304,346.789,332.254
265,153,123.895,144.715,259.81,315.654
265,214,370.259,176.136,421.00100000000003,288.047
265,213,230.67,164.305,288.31399999999996,351.51099999999997
265,215,767.937,164.109,808.6800000000001,267.216
265,216,259.801,202.553,298.156,292.783
265,217,789.233,167.506,833.91,252.243
265,218,421.177,185.546,452.481,272.151
265,220,826.087,152.183,869.462,266.239
265,222,198.029,206.649,239.993,314.98
266,207,352.555,182.776,390.181,287.372
266,209,330.035,169.976,371.23400000000004,294.846
266,211,280.734,167.304,346.789,332.254
266,214,370.259,176.136,421.00100000000003,288.047
266,213,230.67,164.305,288.31399999999996,351.51099999999997
266,217,789.233,167.506,833.91,252.243
266,218,421.177,185.546,452.481,272.151
266,220,826.087,152.183,869.462,266.239
266,222,198.029,206.649,239.993,314.98
266,223,88.5941,211.033,180.998,363.51
267,207,352.555,182.776,390.181,287.372
267,209,330.035,169.976,371.23400000000004,294.846
267,213,230.67,164.305,288.31399999999996,351.51099999999997
267,218,421.177,185.546,452.481,272.151
267,220,826.087,152.183,869.462,266.239
267,222,198.029,206.649,239.993,314.98
267,223,88.5941,211.033,180.998,363.51
267,224,858.507,164.884,899.342,280.489
268,209,330.035,169.976,371.23400000000004,294.846
268,213,230.67,164.305,288.31399999999996,351.51099999999997
268,218,421.177,185.546,452.481,272.151
268,220,826.087,152.183,869.462,266.239
268,223,88.5941,211.033,180.998,363.51
268,224,858.507,164.884,899.342,280.489
268,225,879.339,157.677,926.3760000000001,293.705
269,209,330.035,169.976,371.23400000000004,294.846
269,218,421.177,185.546,452.481,272.151
269,223,88.5941,211.033,180.998,363.51
269,224,858.507,164.884,899.342,280.489
269,225,879.339,157.677,926.3760000000001,293.705
269,188,937.979,193.244,1078.3200000000002,358.128
269,206,4.95443,170.045,61.800630000000005,273.36899999999997
269,219,13.857,154.762,115.864,371.623
269,227,917.266,163.573,964.901,291.814
270,209,330.035,169.976,371.23400000000004,294.846
270,218,421.177,185.546,452.481,272.151
270,223,88.5941,211.033,180.998,363.51
270,225,879.339,157.677,926.3760000000001,293.705
270,188,937.979,193.244,1078.3200000000002,358.128
270,206,4.95443,170.045,61.800630000000005,273.36899999999997
270,219,13.857,154.762,115.864,371.623
270,227,917.266,163.573,964.901,291.814
270,228,945.605,165.018,1000.63,317.131
270,229,281.774,172.652,350.345,372.307
270,230,388.43,171.138,432.052,284.408
271,188,937.979,193.244,1078.3200000000002,358.128
271,206,4.95443,170.045,61.800630000000005,273.36899999999997
271,219,13.857,154.762,115.864,371.623
271,227,917.266,163.573,964.901,291.814
271,228,945.605,165.018,1000.63,317.131
271,229,281.774,172.652,350.345,372.307
271,230,388.43,171.138,432.052,284.408
272,188,937.979,193.244,1078.3200000000002,358.128
272,219,13.857,154.762,115.864,371.623
272,228,945.605,165.018,1000.63,317.131
272,229,281.774,172.652,350.345,372.307
272,230,388.43,171.138,432.052,284.408
272,226,117.23,169.492,240.902,368.28
272,231,1030.93,150.482,1094.17,334.519
273,188,937.979,193.244,1078.3200000000002,358.128
273,219,13.857,154.762,115.864,371.623
273,230,388.43,171.138,432.052,284.408
273,226,117.23,169.492,240.902,368.28
273,231,1030.93,150.482,1094.17,334.519
273,176,1035.29,263.386,1071.6399999999999,341.34700000000004
273,234,1124.5,135.611,1218.31,366.703
273,235,368.115,179.059,408.584,293.094
274,219,13.857,154.762,115.864,371.623
274,226,117.23,169.492,240.902,368.28
274,231,1030.93,150.482,1094.17,334.519
274,176,1035.29,263.386,1071.6399999999999,341.34700000000004
274,234,1124.5,135.611,1218.31,366.703
274,235,368.115,179.059,408.584,293.094
274,232,1071.99,150.582,1161.27,334.283
275,219,13.857,154.762,115.864,371.623
275,176,1035.29,263.386,1071.6399999999999,341.34700000000004
275,234,1124.5,135.611,1218.31,366.703
275,235,368.115,179.059,408.584,293.094
275,232,1071.99,150.582,1161.27,334.283
276,219,13.857,154.762,115.864,371.623
276,234,1124.5,135.611,1218.31,366.703
276,235,368.115,179.059,408.584,293.094
276,232,1071.99,150.582,1161.27,334.283
276,237,326.776,166.191,374.40700000000004,334.71299999999997
277,237,326.776,166.191,374.40700000000004,334.71299999999997
277,238,428.799,179.554,452.977,234.679
278,237,326.776,166.191,374.40700000000004,334.71299999999997
278,238,428.799,179.554,452.977,234.679
278,204,938.813,259.91,974.131,352.422
279,237,326.776,166.191,374.40700000000004,334.71299999999997
279,238,428.799,179.554,452.977,234.679
279,204,938.813,259.91,974.131,352.422
280,237,326.776,166.191,374.40700000000004,334.71299999999997
280,238,428.799,179.554,452.977,234.679
280,204,938.813,259.91,974.131,352.422
280,233,188.461,170.503,300.95500000000004,374.0
281,238,428.799,179.554,452.977,234.679
281,233,188.461,170.503,300.95500000000004,374.0
282,238,428.799,179.554,452.977,234.679
282,233,188.461,170.503,300.95500000000004,374.0
283,238,428.799,179.554,452.977,234.679
283,233,188.461,170.503,300.95500000000004,374.0
283,242,404.118,173.938,432.813,234.84799999999998
283,243,654.154,169.267,676.519,235.466
284,238,428.799,179.554,452.977,234.679
284,233,188.461,170.503,300.95500000000004,374.0
284,242,404.118,173.938,432.813,234.84799999999998
284,243,654.154,169.267,676.519,235.466
284,236,956.969,283.239,998.2840000000001,359.32899999999995
284,244,94.9252,181.031,205.4312,359.80100000000004
284,246,676.455,175.935,700.219,241.597
285,242,404.118,173.938,432.813,234.84799999999998
285,243,654.154,169.267,676.519,235.466
285,236,956.969,283.239,998.2840000000001,359.32899999999995
285,244,94.9252,181.031,205.4312,359.80100000000004
285,246,676.455,175.935,700.219,241.597
285,241,1001.66,288.921,1039.92,353.781
285,247,1157.89,173.372,1214.5600000000002,302.072
286,242,404.118,173.938,432.813,234.84799999999998
286,243,654.154,169.267,676.519,235.466
286,236,956.969,283.239,998.2840000000001,359.32899999999995
286,244,94.9252,181.031,205.4312,359.80100000000004
286,246,676.455,175.935,700.219,241.597
286,241,1001.66,288.921,1039.92,353.781
286,247,1157.89,173.372,1214.5600000000002,302.072
286,250,377.377,169.735,414.171,263.624
287,242,404.118,173.938,432.813,234.84799999999998
287,243,654.154,169.267,676.519,235.466
287,246,676.455,175.935,700.219,241.597
287,241,1001.66,288.921,1039.92,353.781
287,247,1157.89,173.372,1214.5600000000002,302.072
287,250,377.377,169.735,414.171,263.624
287,251,685.519,176.278,715.933,251.923
288,242,404.118,173.938,432.813,234.84799999999998
288,246,676.455,175.935,700.219,241.597
288,250,377.377,169.735,414.171,263.624
288,251,685.519,176.278,715.933,251.923
288,252,356.237,169.849,382.1,274.892
289,242,404.118,173.938,432.813,234.84799999999998
289,250,377.377,169.735,414.171,263.624
289,251,685.519,176.278,715.933,251.923
289,252,356.237,169.849,382.1,274.892
290,250,377.377,169.735,414.171,263.624
290,251,685.519,176.278,715.933,251.923
290,252,356.237,169.849,382.1,274.892
291,250,377.377,169.735,414.171,263.624
291,251,685.519,176.278,715.933,251.923
291,252,356.237,169.849,382.1,274.892
291,254,298.513,191.716,333.24699999999996,289.136
291,255,327.524,167.37,365.751,285.425
292,250,377.377,169.735,414.171,263.624
292,251,685.519,176.278,715.933,251.923
292,252,356.237,169.849,382.1,274.892
292,254,298.513,191.716,333.24699999999996,289.136
292,255,327.524,167.37,365.751,285.425
292,256,701.503,174.212,746.061,269.59
293,254,298.513,191.716,333.24699999999996,289.136
293,255,327.524,167.37,365.751,285.425
293,256,701.503,174.212,746.061,269.59
293,240,261.153,177.119,345.24600000000004,355.745
293,248,2.3056,168.972,78.4609,359.055
294,254,298.513,191.716,333.24699999999996,289.136
294,255,327.524,167.37,365.751,285.425
294,256,701.503,174.212,746.061,269.59
294,240,261.153,177.119,345.24600000000004,355.745
294,248,2.3056,168.972,78.4609,359.055
295,255,327.524,167.37,365.751,285.425
295,256,701.503,174.212,746.061,269.59
295,240,261.153,177.119,345.24600000000004,355.745
295,248,2.3056,168.972,78.4609,359.055
295,257,730.622,166.431,772.019,272.038
295,258,225.542,163.03,289.302,344.376
296,240,261.153,177.119,345.24600000000004,355.745
296,257,730.622,166.431,772.019,272.038
296,258,225.542,163.03,289.302,344.376
296,253,117.872,156.455,187.31900000000002,310.665
296,259,190.164,150.304,248.29,366.53700000000003
297,257,730.622,166.431,772.019,272.038
297,258,225.542,163.03,289.302,344.376
297,253,117.872,156.455,187.31900000000002,310.665
297,259,190.164,150.304,248.29,366.53700000000003
297,260,751.583,150.752,806.294,296.99800000000005
298,253,117.872,156.455,187.31900000000002,310.665
298,259,190.164,150.304,248.29,366.53700000000003
298,260,751.583,150.752,806.294,296.99800000000005
299,253,117.872,156.455,187.31900000000002,310.665
299,259,190.164,150.304,248.29,366.53700000000003
299,260,751.583,150.752,806.294,296.99800000000005
299,263,0.0,168.693,102.89,372.024
299,264,785.775,159.995,856.9499999999999,315.06
300,253,117.872,156.455,187.31900000000002,310.665
300,263,0.0,168.693,102.89,372.024
300,264,785.775,159.995,856.9499999999999,315.06
301,263,0.0,168.693,102.89,372.024
301,264,785.775,159.995,856.9499999999999,315.06
301,266,837.695,146.985,909.315,353.20000000000005
301,267,410.477,172.915,450.275,252.469
302,266,837.695,146.985,909.315,353.20000000000005
302,267,410.477,172.915,450.275,252.469
303,266,837.695,146.985,909.315,353.20000000000005
303,267,410.477,172.915,450.275,252.469
303,262,441.497,169.742,478.232,240.58999999999997
303,270,390.952,163.706,427.835,270.64
304,262,441.497,169.742,478.232,240.58999999999997
304,270,390.952,163.706,427.835,270.64
305,262,441.497,169.742,478.232,240.58999999999997
305,270,390.952,163.706,427.835,270.64
305,274,352.03,181.579,406.18399999999997,288.97900000000004
305,275,801.302,171.074,829.552,235.29200000000003
306,262,441.497,169.742,478.232,240.58999999999997
306,274,352.03,181.579,406.18399999999997,288.97900000000004
306,275,801.302,171.074,829.552,235.29200000000003
306,277,810.048,177.765,840.131,246.50599999999997
307,262,441.497,169.742,478.232,240.58999999999997
307,274,352.03,181.579,406.18399999999997,288.97900000000004
307,275,801.302,171.074,829.552,235.29200000000003
307,277,810.048,177.765,840.131,246.50599999999997
307,195,507.32,157.443,537.783,233.49
307,278,313.343,162.999,364.987,299.14300000000003
307,279,414.801,158.338,451.436,262.551
308,277,810.048,177.765,840.131,246.50599999999997
308,195,507.32,157.443,537.783,233.49
308,278,313.343,162.999,364.987,299.14300000000003
308,279,414.801,158.338,451.436,262.551
308,280,831.648,173.131,858.179,236.311
309,195,507.32,157.443,537.783,233.49
309,278,313.343,162.999,364.987,299.14300000000003
309,279,414.801,158.338,451.436,262.551
309,280,831.648,173.131,858.179,236.311
309,282,390.566,147.499,436.19399999999996,284.2
310,195,507.32,157.443,537.783,233.49
310,278,313.343,162.999,364.987,299.14300000000003
310,280,831.648,173.131,858.179,236.311
310,282,390.566,147.499,436.19399999999996,284.2
310,265,1019.98,267.994,1056.9,365.785
310,284,849.774,166.33,878.848,239.598
311,195,507.32,157.443,537.783,233.49
311,278,313.343,162.999,364.987,299.14300000000003
311,282,390.566,147.499,436.19399999999996,284.2
311,265,1019.98,267.994,1056.9,365.785
311,284,849.774,166.33,878.848,239.598
312,195,507.32,157.443,537.783,233.49
312,278,313.343,162.999,364.987,299.14300000000003
312,265,1019.98,267.994,1056.9,365.785
312,284,849.774,166.33,878.848,239.598
312,281,241.139,155.885,316.76800000000003,338.03999999999996
312,288,895.958,165.61,918.533,242.46800000000002
313,195,507.32,157.443,537.783,233.49
313,278,313.343,162.999,364.987,299.14300000000003
313,281,241.139,155.885,316.76800000000003,338.03999999999996
313,288,895.958,165.61,918.533,242.46800000000002
313,283,176.39,175.51,260.879,347.558
314,195,507.32,157.443,537.783,233.49
314,281,241.139,155.885,316.76800000000003,338.03999999999996
314,288,895.958,165.61,918.533,242.46800000000002
314,283,176.39,175.51,260.879,347.558
314,286,7.01126,169.193,131.14426,361.374
314,290,916.845,179.866,947.3380000000001,271.512
315,195,507.32,157.443,537.783,233.49
315,288,895.958,165.61,918.533,242.46800000000002
315,283,176.39,175.51,260.879,347.558
315,286,7.01126,169.193,131.14426,361.374
315,290,916.845,179.866,947.3380000000001,271.512
315,261,951.535,255.345,996.473,347.52
315,269,905.973,155.283,983.939,374.0
316,195,507.32,157.443,537.783,233.49
316,286,7.01126,169.193,131.14426,361.374
316,290,916.845,179.866,947.3380000000001,271.512
316,261,951.535,255.345,996.473,347.52
316,269,905.973,155.283,983.939,374.0
316,117,967.625,158.624,1000.48,239.667
316,291,488.419,171.469,512.788,230.738
317,195,507.32,157.443,537.783,233.49
317,261,951.535,255.345,996.473,347.52
317,269,905.973,155.283,983.939,374.0
317,117,967.625,158.624,1000.48,239.667
317,291,488.419,171.469,512.788,230.738
317,289,1137.52,293.824,1181.9,362.43600000000004
318,195,507.32,157.443,537.783,233.49
318,117,967.625,158.624,1000.48,239.667
318,291,488.419,171.469,512.788,230.738
318,289,1137.52,293.824,1181.9,362.43600000000004
318,271,469.66,178.423,495.458,217.751
319,117,967.625,158.624,1000.48,239.667
319,291,488.419,171.469,512.788,230.738
319,289,1137.52,293.824,1181.9,362.43600000000004
319,271,469.66,178.423,495.458,217.751
319,249,1202.29,171.743,1239.22,277.677
319,273,1012.03,145.421,1121.37,367.17499999999995
320,291,488.419,171.469,512.788,230.738
320,271,469.66,178.423,495.458,217.751
320,249,1202.29,171.743,1239.22,277.677
320,273,1012.03,145.421,1121.37,367.17499999999995
320,194,1069.0,155.385,1106.86,268.505
320,239,894.113,261.994,928.904,357.35900000000004
321,291,488.419,171.469,512.788,230.738
321,249,1202.29,171.743,1239.22,277.677
321,273,1012.03,145.421,1121.37,367.17499999999995
321,194,1069.0,155.385,1106.86,268.505
321,239,894.113,261.994,928.904,357.35900000000004
321,245,1111.58,176.755,1155.6699999999998,277.219
322,291,488.419,171.469,512.788,230.738
322,194,1069.0,155.385,1106.86,268.505
322,239,894.113,261.994,928.904,357.35900000000004
322,245,1111.58,176.755,1155.6699999999998,277.219
322,276,1091.28,149.219,1227.75,371.109
322,292,1024.69,273.18,1067.45,350.156
323,291,488.419,171.469,512.788,230.738
323,245,1111.58,176.755,1155.6699999999998,277.219
323,276,1091.28,149.219,1227.75,371.109
323,292,1024.69,273.18,1067.45,350.156
323,295,454.497,174.532,492.517,246.416
324,291,488.419,171.469,512.788,230.738
324,276,1091.28,149.219,1227.75,371.109
324,292,1024.69,273.18,1067.45,350.156
324,295,454.497,174.532,492.517,246.416
325,295,454.497,174.532,492.517,246.416
325,299,717.256,167.444,739.135,230.37199999999999
326,295,454.497,174.532,492.517,246.416
326,299,717.256,167.444,739.135,230.37199999999999
326,298,446.165,170.341,471.885,243.674
326,300,721.809,166.181,753.4359999999999,253.418
327,295,454.497,174.532,492.517,246.416
327,299,717.256,167.444,739.135,230.37199999999999
327,298,446.165,170.341,471.885,243.674
327,300,721.809,166.181,753.4359999999999,253.418
327,296,461.625,177.086,499.624,233.68400000000003
328,295,454.497,174.532,492.517,246.416
328,298,446.165,170.341,471.885,243.674
328,300,721.809,166.181,753.4359999999999,253.418
328,296,461.625,177.086,499.624,233.68400000000003
329,295,454.497,174.532,492.517,246.416
329,298,446.165,170.341,471.885,243.674
329,300,721.809,166.181,753.4359999999999,253.418
329,296,461.625,177.086,499.624,233.68400000000003
329,304,413.291,189.921,450.694,275.579
330,295,454.497,174.532,492.517,246.416
330,298,446.165,170.341,471.885,243.674
330,300,721.809,166.181,753.4359999999999,253.418
330,304,413.291,189.921,450.694,275.579
330,297,1098.1,282.902,1147.1,359.711
330,305,731.34,155.799,776.003,251.325
331,295,454.497,174.532,492.517,246.416
331,298,446.165,170.341,471.885,243.674
331,300,721.809,166.181,753.4359999999999,253.418
331,304,413.291,189.921,450.694,275.579
331,297,1098.1,282.902,1147.1,359.711
331,305,731.34,155.799,776.003,251.325
331,268,771.552,164.779,795.8870000000001,225.783
332,298,446.165,170.341,471.885,243.674
332,304,413.291,189.921,450.694,275.579
332,297,1098.1,282.902,1147.1,359.711
332,305,731.34,155.799,776.003,251.325
332,268,771.552,164.779,795.8870000000001,225.783
332,307,372.348,185.411,426.74600000000004,298.722
333,304,413.291,189.921,450.694,275.579
333,305,731.34,155.799,776.003,251.325
333,268,771.552,164.779,795.8870000000001,225.783
333,307,372.348,185.411,426.74600000000004,298.722
333,302,908.902,259.693,949.572,359.868
333,308,383.191,161.983,436.22499999999997,321.493
334,304,413.291,189.921,450.694,275.579
334,305,731.34,155.799,776.003,251.325
334,268,771.552,164.779,795.8870000000001,225.783
334,307,372.348,185.411,426.74600000000004,298.722
334,302,908.902,259.693,949.572,359.868
334,308,383.191,161.983,436.22499999999997,321.493
334,309,756.721,158.201,803.782,263.797
334,310,336.087,174.469,388.657,315.277
334,311,790.486,164.97,818.319,249.039
335,305,731.34,155.799,776.003,251.325
335,307,372.348,185.411,426.74600000000004,298.722
335,302,908.902,259.693,949.572,359.868
335,308,383.191,161.983,436.22499999999997,321.493
335,309,756.721,158.201,803.782,263.797
335,310,336.087,174.469,388.657,315.277
335,311,790.486,164.97,818.319,249.039
335,312,890.311,164.288,939.702,242.8
336,305,731.34,155.799,776.003,251.325
336,307,372.348,185.411,426.74600000000004,298.722
336,302,908.902,259.693,949.572,359.868
336,308,383.191,161.983,436.22499999999997,321.493
336,309,756.721,158.201,803.782,263.797
336,310,336.087,174.469,388.657,315.277
336,311,790.486,164.97,818.319,249.039
336,312,890.311,164.288,939.702,242.8
336,313,297.436,184.224,352.952,345.03099999999995
337,305,731.34,155.799,776.003,251.325
337,307,372.348,185.411,426.74600000000004,298.722
337,309,756.721,158.201,803.782,263.797
337,310,336.087,174.469,388.657,315.277
337,311,790.486,164.97,818.319,249.039
337,312,890.311,164.288,939.702,242.8
337,313,297.436,184.224,352.952,345.03099999999995
337,316,803.931,161.956,846.202,292.15
337,317,926.951,174.449,975.881,249.621
338,309,756.721,158.201,803.782,263.797
338,310,336.087,174.469,388.657,315.277
338,312,890.311,164.288,939.702,242.8
338,313,297.436,184.224,352.952,345.03099999999995
338,316,803.931,161.956,846.202,292.15
338,317,926.951,174.449,975.881,249.621
338,318,250.865,188.142,309.312,368.356
339,309,756.721,158.201,803.782,263.797
339,312,890.311,164.288,939.702,242.8
339,313,297.436,184.224,352.952,345.03099999999995
339,316,803.931,161.956,846.202,292.15
339,317,926.951,174.449,975.881,249.621
339,318,250.865,188.142,309.312,368.356
339,319,832.8,147.343,877.337,285.01099999999997
339,320,959.335,170.891,1001.52,239.897
340,309,756.721,158.201,803.782,263.797
340,313,297.436,184.224,352.952,345.03099999999995
340,316,803.931,161.956,846.202,292.15
340,317,926.951,174.449,975.881,249.621
340,318,250.865,188.142,309.312,368.356
340,319,832.8,147.343,877.337,285.01099999999997
340,320,959.335,170.891,1001.52,239.897
340,285,96.734,168.428,220.232,362.25800000000004
341,316,803.931,161.956,846.202,292.15
341,317,926.951,174.449,975.881,249.621
341,318,250.865,188.142,309.312,368.356
341,319,832.8,147.343,877.337,285.01099999999997
341,320,959.335,170.891,1001.52,239.897
341,285,96.734,168.428,220.232,362.25800000000004
341,293,1001.14,147.075,1049.15,279.75699999999995
341,321,185.407,163.795,249.635,362.85
341,322,869.466,148.92,921.601,344.519
