3,1,340.829,79.4999,428.491,323.7499
3,2,570.789,80.8348,639.0,284.4248
3,3,181.388,89.6698,257.30600000000004,335.6038
3,4,100.807,87.2512,157.128,311.3972
3,5,437.157,94.9248,522.2379999999999,332.1578
3,6,520.616,113.596,550.821,237.687
4,1,340.829,79.4999,428.491,323.7499
4,2,570.789,80.8348,639.0,284.4248
4,3,181.388,89.6698,257.30600000000004,335.6038
4,4,100.807,87.2512,157.128,311.3972
4,5,437.157,94.9248,522.2379999999999,332.1578
4,6,520.616,113.596,550.821,237.687
5,1,340.829,79.4999,428.491,323.7499
5,2,570.789,80.8348,639.0,284.4248
5,3,181.388,89.6698,257.30600000000004,335.6038
5,4,100.807,87.2512,157.128,311.3972
5,5,437.157,94.9248,522.2379999999999,332.1578
5,6,520.616,113.596,550.821,237.687
6,1,340.829,79.4999,428.491,323.7499
6,2,570.789,80.8348,639.0,284.4248
6,3,181.388,89.6698,257.30600000000004,335.6038
6,4,100.807,87.2512,157.128,311.3972
6,5,437.157,94.9248,522.2379999999999,332.1578
6,6,520.616,113.596,550.821,237.687
6,7,327.722,124.831,352.066,220.916
7,1,340.829,79.4999,428.491,323.7499
7,2,570.789,80.8348,639.0,284.4248
7,3,181.388,89.6698,257.30600000000004,335.6038
7,4,100.807,87.2512,157.128,311.3972
7,5,437.157,94.9248,522.2379999999999,332.1578
7,6,520.616,113.596,550.821,237.687
7,7,327.722,124.831,352.066,220.916
8,1,340.829,79.4999,428.491,323.7499
8,2,570.789,80.8348,639.0,284.4248
8,3,181.388,89.6698,257.30600000000004,335.6038
8,4,100.807,87.2512,157.128,311.3972
8,5,437.157,94.9248,522.2379999999999,332.1578
8,6,520.616,113.596,550.821,237.687
8,7,327.722,124.831,352.066,220.916
8,8,186.476,84.7366,227.368,260.7366
9,1,340.829,79.4999,428.491,323.7499
9,2,570.789,80.8348,639.0,284.4248
9,3,181.388,89.6698,257.30600000000004,335.6038
9,4,100.807,87.2512,157.128,311.3972
9,5,437.157,94.9248,522.2379999999999,332.1578
9,7,327.722,124.831,352.066,220.916
9,8,186.476,84.7366,227.368,260.7366
10,1,340.829,79.4999,428.491,323.7499
10,2,570.789,80.8348,639.0,284.4248
10,3,181.388,89.6698,257.30600000000004,335.6038
10,4,100.807,87.2512,157.128,311.3972
10,5,437.157,94.9248,522.2379999999999,332.1578
10,8,186.476,84.7366,227.368,260.7366
10,9,48.1517,104.746,133.777,324.804
11,1,340.829,79.4999,428.491,323.7499
11,2,570.789,80.8348,639.0,284.4248
11,3,181.388,89.6698,257.30600000000004,335.6038
11,5,437.157,94.9248,522.2379999999999,332.1578
11,8,186.476,84.7366,227.368,260.7366
11,9,48.1517,104.746,133.777,324.804
11,10,219.798,107.32,301.911,315.659
12,1,340.829,79.4999,428.491,323.7499
12,2,570.789,80.8348,639.0,284.4248
12,5,437.157,94.9248,522.2379999999999,332.1578
12,8,186.476,84.7366,227.368,260.7366
12,9,48.1517,104.746,133.777,324.804
12,10,219.798,107.32,301.911,315.659
13,1,340.829,79.4999,428.491,323.7499
13,2,570.789,80.8348,639.0,284.4248
13,5,437.157,94.9248,522.2379999999999,332.1578
13,8,186.476,84.7366,227.368,260.7366
13,9,48.1517,104.746,133.777,324.804
13,10,219.798,107.32,301.911,315.659
14,1,340.829,79.4999,428.491,323.7499
14,2,570.789,80.8348,639.0,284.4248
14,5,437.157,94.9248,522.2379999999999,332.1578
14,8,186.476,84.7366,227.368,260.7366
14,9,48.1517,104.746,133.777,324.804
14,10,219.798,107.32,301.911,315.659
15,1,340.829,79.4999,428.491,323.7499
15,2,570.789,80.8348,639.0,284.4248
15,5,437.157,94.9248,522.2379999999999,332.1578
15,8,186.476,84.7366,227.368,260.7366
15,9,48.1517,104.746,133.777,324.804
15,10,219.798,107.32,301.911,315.659
16,1,340.829,79.4999,428.491,323.7499
16,2,570.789,80.8348,639.0,284.4248
16,5,437.157,94.9248,522.2379999999999,332.1578
16,8,186.476,84.7366,227.368,260.7366
16,9,48.1517,104.746,133.777,324.804
16,10,219.798,107.32,301.911,315.659
17,1,340.829,79.4999,428.491,323.7499
17,2,570.789,80.8348,639.0,284.4248
17,5,437.157,94.9248,522.2379999999999,332.1578
17,8,186.476,84.7366,227.368,260.7366
17,9,48.1517,104.746,133.777,324.804
17,10,219.798,107.32,301.911,315.659
17,11,386.461,83.7864,480.041,317.0634
18,2,570.789,80.8348,639.0,284.4248
18,5,437.157,94.9248,522.2379999999999,332.1578
18,8,186.476,84.7366,227.368,260.7366
18,9,48.1517,104.746,133.777,324.804
18,10,219.798,107.32,301.911,315.659
18,11,386.461,83.7864,480.041,317.0634
18,13,16.5672,91.0276,79.765,322.34860000000003
19,2,570.789,80.8348,639.0,284.4248
19,5,437.157,94.9248,522.2379999999999,332.1578
19,8,186.476,84.7366,227.368,260.7366
19,10,219.798,107.32,301.911,315.659
19,11,386.461,83.7864,480.041,317.0634
19,13,16.5672,91.0276,79.765,322.34860000000003
20,2,570.789,80.8348,639.0,284.4248
20,5,437.157,94.9248,522.2379999999999,332.1578
20,8,186.476,84.7366,227.368,260.7366
20,10,219.798,107.32,301.911,315.659
20,11,386.461,83.7864,480.041,317.0634
20,13,16.5672,91.0276,79.765,322.34860000000003
20,14,482.305,85.361,582.379,314.237
21,2,570.789,80.8348,639.0,284.4248
21,8,186.476,84.7366,227.368,260.7366
21,10,219.798,107.32,301.911,315.659
21,11,386.461,83.7864,480.041,317.0634
21,13,16.5672,91.0276,79.765,322.34860000000003
21,14,482.305,85.361,582.379,314.237
21,12,590.601,101.368,624.96,241.831
22,2,570.789,80.8348,639.0,284.4248
22,8,186.476,84.7366,227.368,260.7366
22,10,219.798,107.32,301.911,315.659
22,11,386.461,83.7864,480.041,317.0634
22,13,16.5672,91.0276,79.765,322.34860000000003
22,14,482.305,85.361,582.379,314.237
22,12,590.601,101.368,624.96,241.831
23,8,186.476,84.7366,227.368,260.7366
23,10,219.798,107.32,301.911,315.659
23,11,386.461,83.7864,480.041,317.0634
23,13,16.5672,91.0276,79.765,322.34860000000003
23,14,482.305,85.361,582.379,314.237
23,12,590.601,101.368,624.96,241.831
24,8,186.476,84.7366,227.368,260.7366
24,10,219.798,107.32,301.911,315.659
24,11,386.461,83.7864,480.041,317.0634
24,13,16.5672,91.0276,79.765,322.34860000000003
24,14,482.305,85.361,582.379,314.237
24,12,590.601,101.368,624.96,241.831
25,8,186.476,84.7366,227.368,260.7366
25,10,219.798,107.32,301.911,315.659
25,11,386.461,83.7864,480.041,317.0634
25,13,16.5672,91.0276,79.765,322.34860000000003
25,14,482.305,85.361,582.379,314.237
25,12,590.601,101.368,624.96,241.831
25,16,275.308,101.049,338.498,309.887
26,8,186.476,84.7366,227.368,260.7366
26,11,386.461,83.7864,480.041,317.0634
26,13,16.5672,91.0276,79.765,322.34860000000003
26,14,482.305,85.361,582.379,314.237
26,12,590.601,101.368,624.96,241.831
26,16,275.308,101.049,338.498,309.887
27,8,186.476,84.7366,227.368,260.7366
27,11,386.461,83.7864,480.041,317.0634
27,14,482.305,85.361,582.379,314.237
27,12,590.601,101.368,624.96,241.831
27,16,275.308,101.049,338.498,309.887
28,8,186.476,84.7366,227.368,260.7366
28,11,386.461,83.7864,480.041,317.0634
28,14,482.305,85.361,582.379,314.237
28,12,590.601,101.368,624.96,241.831
28,16,275.308,101.049,338.498,309.887
29,8,186.476,84.7366,227.368,260.7366
29,11,386.461,83.7864,480.041,317.0634
29,14,482.305,85.361,582.379,314.237
29,12,590.601,101.368,624.96,241.831
29,16,275.308,101.049,338.498,309.887
30,8,186.476,84.7366,227.368,260.7366
30,11,386.461,83.7864,480.041,317.0634
30,14,482.305,85.361,582.379,314.237
30,12,590.601,101.368,624.96,241.831
30,16,275.308,101.049,338.498,309.887
31,8,186.476,84.7366,227.368,260.7366
31,11,386.461,83.7864,480.041,317.0634
31,14,482.305,85.361,582.379,314.237
31,12,590.601,101.368,624.96,241.831
31,16,275.308,101.049,338.498,309.887
31,17,509.567,96.5367,553.348,259.57169999999996
32,8,186.476,84.7366,227.368,260.7366
32,11,386.461,83.7864,480.041,317.0634
32,14,482.305,85.361,582.379,314.237
32,12,590.601,101.368,624.96,241.831
32,16,275.308,101.049,338.498,309.887
32,17,509.567,96.5367,553.348,259.57169999999996
33,8,186.476,84.7366,227.368,260.7366
33,11,386.461,83.7864,480.041,317.0634
33,14,482.305,85.361,582.379,314.237
33,12,590.601,101.368,624.96,241.831
33,16,275.308,101.049,338.498,309.887
33,17,509.567,96.5367,553.348,259.57169999999996
34,8,186.476,84.7366,227.368,260.7366
34,11,386.461,83.7864,480.041,317.0634
34,14,482.305,85.361,582.379,314.237
34,12,590.601,101.368,624.96,241.831
34,16,275.308,101.049,338.498,309.887
34,17,509.567,96.5367,553.348,259.57169999999996
34,19,310.721,89.642,380.59000000000003,303.977
34,20,439.207,79.8518,526.919,309.7718
34,21,495.636,92.5719,537.698,142.21
35,8,186.476,84.7366,227.368,260.7366
35,14,482.305,85.361,582.379,314.237
35,19,310.721,89.642,380.59000000000003,303.977
35,20,439.207,79.8518,526.919,309.7718
35,21,495.636,92.5719,537.698,142.21
35,22,546.296,93.4837,625.349,164.90800000000002
36,8,186.476,84.7366,227.368,260.7366
36,14,482.305,85.361,582.379,314.237
36,19,310.721,89.642,380.59000000000003,303.977
36,20,439.207,79.8518,526.919,309.7718
36,21,495.636,92.5719,537.698,142.21
36,22,546.296,93.4837,625.349,164.90800000000002
36,23,543.615,84.3664,616.636,313.1634
37,8,186.476,84.7366,227.368,260.7366
37,19,310.721,89.642,380.59000000000003,303.977
37,20,439.207,79.8518,526.919,309.7718
37,22,546.296,93.4837,625.349,164.90800000000002
37,23,543.615,84.3664,616.636,313.1634
38,8,186.476,84.7366,227.368,260.7366
38,19,310.721,89.642,380.59000000000003,303.977
38,20,439.207,79.8518,526.919,309.7718
38,23,543.615,84.3664,616.636,313.1634
39,8,186.476,84.7366,227.368,260.7366
39,19,310.721,89.642,380.59000000000003,303.977
39,20,439.207,79.8518,526.919,309.7718
39,23,543.615,84.3664,616.636,313.1634
40,8,186.476,84.7366,227.368,260.7366
40,19,310.721,89.642,380.59000000000003,303.977
40,20,439.207,79.8518,526.919,309.7718
40,23,543.615,84.3664,616.636,313.1634
41,8,186.476,84.7366,227.368,260.7366
41,19,310.721,89.642,380.59000000000003,303.977
41,20,439.207,79.8518,526.919,309.7718
41,23,543.615,84.3664,616.636,313.1634
42,8,186.476,84.7366,227.368,260.7366
42,19,310.721,89.642,380.59000000000003,303.977
42,20,439.207,79.8518,526.919,309.7718
42,23,543.615,84.3664,616.636,313.1634
42,24,454.027,100.287,485.69399999999996,234.06
43,8,186.476,84.7366,227.368,260.7366
43,19,310.721,89.642,380.59000000000003,303.977
43,20,439.207,79.8518,526.919,309.7718
43,23,543.615,84.3664,616.636,313.1634
43,24,454.027,100.287,485.69399999999996,234.06
44,8,186.476,84.7366,227.368,260.7366
44,19,310.721,89.642,380.59000000000003,303.977
44,20,439.207,79.8518,526.919,309.7718
44,23,543.615,84.3664,616.636,313.1634
44,24,454.027,100.287,485.69399999999996,234.06
44,25,351.204,99.5306,416.098,299.9336
45,8,186.476,84.7366,227.368,260.7366
45,20,439.207,79.8518,526.919,309.7718
45,23,543.615,84.3664,616.636,313.1634
45,24,454.027,100.287,485.69399999999996,234.06
45,25,351.204,99.5306,416.098,299.9336
46,8,186.476,84.7366,227.368,260.7366
46,20,439.207,79.8518,526.919,309.7718
46,23,543.615,84.3664,616.636,313.1634
46,24,454.027,100.287,485.69399999999996,234.06
46,25,351.204,99.5306,416.098,299.9336
47,8,186.476,84.7366,227.368,260.7366
47,20,439.207,79.8518,526.919,309.7718
47,23,543.615,84.3664,616.636,313.1634
47,24,454.027,100.287,485.69399999999996,234.06
47,25,351.204,99.5306,416.098,299.9336
48,8,186.476,84.7366,227.368,260.7366
48,20,439.207,79.8518,526.919,309.7718
48,23,543.615,84.3664,616.636,313.1634
48,24,454.027,100.287,485.69399999999996,234.06
48,25,351.204,99.5306,416.098,299.9336
48,26,431.7,110.895,472.175,255.207
49,8,186.476,84.7366,227.368,260.7366
49,20,439.207,79.8518,526.919,309.7718
49,23,543.615,84.3664,616.636,313.1634
49,25,351.204,99.5306,416.098,299.9336
49,26,431.7,110.895,472.175,255.207
50,8,186.476,84.7366,227.368,260.7366
50,20,439.207,79.8518,526.919,309.7718
50,23,543.615,84.3664,616.636,313.1634
50,25,351.204,99.5306,416.098,299.9336
50,26,431.7,110.895,472.175,255.207
51,8,186.476,84.7366,227.368,260.7366
51,20,439.207,79.8518,526.919,309.7718
51,23,543.615,84.3664,616.636,313.1634
51,25,351.204,99.5306,416.098,299.9336
51,26,431.7,110.895,472.175,255.207
51,27,581.819,58.4738,639.0,325.95079999999996
51,28,477.46,90.6719,585.327,319.3039
52,8,186.476,84.7366,227.368,260.7366
52,20,439.207,79.8518,526.919,309.7718
52,25,351.204,99.5306,416.098,299.9336
52,27,581.819,58.4738,639.0,325.95079999999996
52,28,477.46,90.6719,585.327,319.3039
53,8,186.476,84.7366,227.368,260.7366
53,20,439.207,79.8518,526.919,309.7718
53,25,351.204,99.5306,416.098,299.9336
53,27,581.819,58.4738,639.0,325.95079999999996
53,28,477.46,90.6719,585.327,319.3039
54,8,186.476,84.7366,227.368,260.7366
54,20,439.207,79.8518,526.919,309.7718
54,25,351.204,99.5306,416.098,299.9336
54,27,581.819,58.4738,639.0,325.95079999999996
54,28,477.46,90.6719,585.327,319.3039
54,29,381.979,103.115,462.118,284.61
55,8,186.476,84.7366,227.368,260.7366
55,20,439.207,79.8518,526.919,309.7718
55,27,581.819,58.4738,639.0,325.95079999999996
55,28,477.46,90.6719,585.327,319.3039
55,29,381.979,103.115,462.118,284.61
56,8,186.476,84.7366,227.368,260.7366
56,20,439.207,79.8518,526.919,309.7718
56,27,581.819,58.4738,639.0,325.95079999999996
56,28,477.46,90.6719,585.327,319.3039
56,29,381.979,103.115,462.118,284.61
56,18,597.497,158.541,624.3979999999999,246.06900000000002
57,8,186.476,84.7366,227.368,260.7366
57,20,439.207,79.8518,526.919,309.7718
57,27,581.819,58.4738,639.0,325.95079999999996
57,28,477.46,90.6719,585.327,319.3039
57,29,381.979,103.115,462.118,284.61
57,18,597.497,158.541,624.3979999999999,246.06900000000002
58,8,186.476,84.7366,227.368,260.7366
58,27,581.819,58.4738,639.0,325.95079999999996
58,28,477.46,90.6719,585.327,319.3039
58,29,381.979,103.115,462.118,284.61
58,18,597.497,158.541,624.3979999999999,246.06900000000002
59,8,186.476,84.7366,227.368,260.7366
59,27,581.819,58.4738,639.0,325.95079999999996
59,28,477.46,90.6719,585.327,319.3039
59,29,381.979,103.115,462.118,284.61
59,18,597.497,158.541,624.3979999999999,246.06900000000002
60,8,186.476,84.7366,227.368,260.7366
60,27,581.819,58.4738,639.0,325.95079999999996
60,28,477.46,90.6719,585.327,319.3039
60,29,381.979,103.115,462.118,284.61
60,18,597.497,158.541,624.3979999999999,246.06900000000002
60,30,593.723,113.832,625.789,199.005
61,8,186.476,84.7366,227.368,260.7366
61,28,477.46,90.6719,585.327,319.3039
61,29,381.979,103.115,462.118,284.61
61,18,597.497,158.541,624.3979999999999,246.06900000000002
61,30,593.723,113.832,625.789,199.005
62,8,186.476,84.7366,227.368,260.7366
62,28,477.46,90.6719,585.327,319.3039
62,29,381.979,103.115,462.118,284.61
62,18,597.497,158.541,624.3979999999999,246.06900000000002
62,30,593.723,113.832,625.789,199.005
63,8,186.476,84.7366,227.368,260.7366
63,28,477.46,90.6719,585.327,319.3039
63,29,381.979,103.115,462.118,284.61
63,18,597.497,158.541,624.3979999999999,246.06900000000002
63,31,543.61,103.986,616.41,289.139
64,8,186.476,84.7366,227.368,260.7366
64,29,381.979,103.115,462.118,284.61
64,18,597.497,158.541,624.3979999999999,246.06900000000002
64,31,543.61,103.986,616.41,289.139
65,8,186.476,84.7366,227.368,260.7366
65,29,381.979,103.115,462.118,284.61
65,18,597.497,158.541,624.3979999999999,246.06900000000002
65,31,543.61,103.986,616.41,289.139
65,32,418.602,92.4029,491.274,297.2659
66,8,186.476,84.7366,227.368,260.7366
66,29,381.979,103.115,462.118,284.61
66,18,597.497,158.541,624.3979999999999,246.06900000000002
66,31,543.61,103.986,616.41,289.139
66,32,418.602,92.4029,491.274,297.2659
67,8,186.476,84.7366,227.368,260.7366
67,29,381.979,103.115,462.118,284.61
67,18,597.497,158.541,624.3979999999999,246.06900000000002
67,31,543.61,103.986,616.41,289.139
67,32,418.602,92.4029,491.274,297.2659
68,8,186.476,84.7366,227.368,260.7366
68,29,381.979,103.115,462.118,284.61
68,18,597.497,158.541,624.3979999999999,246.06900000000002
68,31,543.61,103.986,616.41,289.139
68,32,418.602,92.4029,491.274,297.2659
69,8,186.476,84.7366,227.368,260.7366
69,29,381.979,103.115,462.118,284.61
69,18,597.497,158.541,624.3979999999999,246.06900000000002
69,31,543.61,103.986,616.41,289.139
69,32,418.602,92.4029,491.274,297.2659
70,8,186.476,84.7366,227.368,260.7366
70,29,381.979,103.115,462.118,284.61
70,18,597.497,158.541,624.3979999999999,246.06900000000002
70,31,543.61,103.986,616.41,289.139
70,32,418.602,92.4029,491.274,297.2659
71,8,186.476,84.7366,227.368,260.7366
71,29,381.979,103.115,462.118,284.61
71,31,543.61,103.986,616.41,289.139
71,32,418.602,92.4029,491.274,297.2659
72,8,186.476,84.7366,227.368,260.7366
72,29,381.979,103.115,462.118,284.61
72,31,543.61,103.986,616.41,289.139
72,32,418.602,92.4029,491.274,297.2659
73,8,186.476,84.7366,227.368,260.7366
73,29,381.979,103.115,462.118,284.61
73,31,543.61,103.986,616.41,289.139
73,32,418.602,92.4029,491.274,297.2659
74,8,186.476,84.7366,227.368,260.7366
74,29,381.979,103.115,462.118,284.61
74,31,543.61,103.986,616.41,289.139
74,32,418.602,92.4029,491.274,297.2659
75,8,186.476,84.7366,227.368,260.7366
75,29,381.979,103.115,462.118,284.61
75,31,543.61,103.986,616.41,289.139
75,32,418.602,92.4029,491.274,297.2659
76,8,186.476,84.7366,227.368,260.7366
76,29,381.979,103.115,462.118,284.61
76,31,543.61,103.986,616.41,289.139
76,32,418.602,92.4029,491.274,297.2659
76,33,462.402,96.3309,532.165,278.5539
77,8,186.476,84.7366,227.368,260.7366
77,29,381.979,103.115,462.118,284.61
77,31,543.61,103.986,616.41,289.139
77,33,462.402,96.3309,532.165,278.5539
78,8,186.476,84.7366,227.368,260.7366
78,29,381.979,103.115,462.118,284.61
78,31,543.61,103.986,616.41,289.139
78,33,462.402,96.3309,532.165,278.5539
79,8,186.476,84.7366,227.368,260.7366
79,29,381.979,103.115,462.118,284.61
79,31,543.61,103.986,616.41,289.139
79,33,462.402,96.3309,532.165,278.5539
80,8,186.476,84.7366,227.368,260.7366
80,29,381.979,103.115,462.118,284.61
80,31,543.61,103.986,616.41,289.139
80,33,462.402,96.3309,532.165,278.5539
80,34,561.203,100.467,597.3389999999999,229.651
81,8,186.476,84.7366,227.368,260.7366
81,29,381.979,103.115,462.118,284.61
81,31,543.61,103.986,616.41,289.139
81,33,462.402,96.3309,532.165,278.5539
81,34,561.203,100.467,597.3389999999999,229.651
82,8,186.476,84.7366,227.368,260.7366
82,29,381.979,103.115,462.118,284.61
82,31,543.61,103.986,616.41,289.139
82,33,462.402,96.3309,532.165,278.5539
82,34,561.203,100.467,597.3389999999999,229.651
83,8,186.476,84.7366,227.368,260.7366
83,29,381.979,103.115,462.118,284.61
83,31,543.61,103.986,616.41,289.139
83,33,462.402,96.3309,532.165,278.5539
83,34,561.203,100.467,597.3389999999999,229.651
84,8,186.476,84.7366,227.368,260.7366
84,29,381.979,103.115,462.118,284.61
84,31,543.61,103.986,616.41,289.139
84,33,462.402,96.3309,532.165,278.5539
84,34,561.203,100.467,597.3389999999999,229.651
84,35,552.713,106.922,583.6279999999999,185.839
85,8,186.476,84.7366,227.368,260.7366
85,29,381.979,103.115,462.118,284.61
85,31,543.61,103.986,616.41,289.139
85,33,462.402,96.3309,532.165,278.5539
85,34,561.203,100.467,597.3389999999999,229.651
85,35,552.713,106.922,583.6279999999999,185.839
85,36,602.348,95.2692,639.0,222.8792
86,8,186.476,84.7366,227.368,260.7366
86,29,381.979,103.115,462.118,284.61
86,31,543.61,103.986,616.41,289.139
86,33,462.402,96.3309,532.165,278.5539
86,35,552.713,106.922,583.6279999999999,185.839
86,36,602.348,95.2692,639.0,222.8792
86,37,354.313,98.7853,424.36,252.58530000000002
87,8,186.476,84.7366,227.368,260.7366
87,29,381.979,103.115,462.118,284.61
87,31,543.61,103.986,616.41,289.139
87,33,462.402,96.3309,532.165,278.5539
87,35,552.713,106.922,583.6279999999999,185.839
87,36,602.348,95.2692,639.0,222.8792
87,37,354.313,98.7853,424.36,252.58530000000002
88,8,186.476,84.7366,227.368,260.7366
88,29,381.979,103.115,462.118,284.61
88,31,543.61,103.986,616.41,289.139
88,33,462.402,96.3309,532.165,278.5539
88,36,602.348,95.2692,639.0,222.8792
88,37,354.313,98.7853,424.36,252.58530000000002
89,8,186.476,84.7366,227.368,260.7366
89,29,381.979,103.115,462.118,284.61
89,31,543.61,103.986,616.41,289.139
89,33,462.402,96.3309,532.165,278.5539
89,36,602.348,95.2692,639.0,222.8792
89,37,354.313,98.7853,424.36,252.58530000000002
89,38,498.224,104.485,571.116,269.03
89,39,570.565,116.717,602.9100000000001,186.937
90,8,186.476,84.7366,227.368,260.7366
90,29,381.979,103.115,462.118,284.61
90,31,543.61,103.986,616.41,289.139
90,36,602.348,95.2692,639.0,222.8792
90,37,354.313,98.7853,424.36,252.58530000000002
90,38,498.224,104.485,571.116,269.03
90,39,570.565,116.717,602.9100000000001,186.937
91,8,186.476,84.7366,227.368,260.7366
91,29,381.979,103.115,462.118,284.61
91,36,602.348,95.2692,639.0,222.8792
91,37,354.313,98.7853,424.36,252.58530000000002
91,38,498.224,104.485,571.116,269.03
91,39,570.565,116.717,602.9100000000001,186.937
91,40,458.476,156.226,495.275,237.493
92,8,186.476,84.7366,227.368,260.7366
92,29,381.979,103.115,462.118,284.61
92,37,354.313,98.7853,424.36,252.58530000000002
92,38,498.224,104.485,571.116,269.03
92,39,570.565,116.717,602.9100000000001,186.937
92,40,458.476,156.226,495.275,237.493
93,8,186.476,84.7366,227.368,260.7366
93,29,381.979,103.115,462.118,284.61
93,37,354.313,98.7853,424.36,252.58530000000002
93,38,498.224,104.485,571.116,269.03
93,40,458.476,156.226,495.275,237.493
94,8,186.476,84.7366,227.368,260.7366
94,29,381.979,103.115,462.118,284.61
94,37,354.313,98.7853,424.36,252.58530000000002
94,38,498.224,104.485,571.116,269.03
95,8,186.476,84.7366,227.368,260.7366
95,29,381.979,103.115,462.118,284.61
95,37,354.313,98.7853,424.36,252.58530000000002
95,38,498.224,104.485,571.116,269.03
96,8,186.476,84.7366,227.368,260.7366
96,29,381.979,103.115,462.118,284.61
96,37,354.313,98.7853,424.36,252.58530000000002
96,38,498.224,104.485,571.116,269.03
97,8,186.476,84.7366,227.368,260.7366
97,29,381.979,103.115,462.118,284.61
97,37,354.313,98.7853,424.36,252.58530000000002
97,38,498.224,104.485,571.116,269.03
97,41,464.091,164.147,509.628,242.665
98,8,186.476,84.7366,227.368,260.7366
98,29,381.979,103.115,462.118,284.61
98,37,354.313,98.7853,424.36,252.58530000000002
98,38,498.224,104.485,571.116,269.03
98,41,464.091,164.147,509.628,242.665
98,42,328.384,113.831,384.664,264.814
99,8,186.476,84.7366,227.368,260.7366
99,29,381.979,103.115,462.118,284.61
99,38,498.224,104.485,571.116,269.03
99,41,464.091,164.147,509.628,242.665
99,42,328.384,113.831,384.664,264.814
99,43,401.166,110.787,434.687,239.06
100,8,186.476,84.7366,227.368,260.7366
100,38,498.224,104.485,571.116,269.03
100,42,328.384,113.831,384.664,264.814
100,43,401.166,110.787,434.687,239.06
101,8,186.476,84.7366,227.368,260.7366
101,38,498.224,104.485,571.116,269.03
101,42,328.384,113.831,384.664,264.814
101,43,401.166,110.787,434.687,239.06
101,44,548.678,110.899,612.31,267.841
102,8,186.476,84.7366,227.368,260.7366
102,38,498.224,104.485,571.116,269.03
102,42,328.384,113.831,384.664,264.814
102,43,401.166,110.787,434.687,239.06
102,44,548.678,110.899,612.31,267.841
103,8,186.476,84.7366,227.368,260.7366
103,38,498.224,104.485,571.116,269.03
103,42,328.384,113.831,384.664,264.814
103,43,401.166,110.787,434.687,239.06
103,44,548.678,110.899,612.31,267.841
103,45,469.593,166.177,501.66700000000003,218.399
104,8,186.476,84.7366,227.368,260.7366
104,38,498.224,104.485,571.116,269.03
104,42,328.384,113.831,384.664,264.814
104,43,401.166,110.787,434.687,239.06
104,44,548.678,110.899,612.31,267.841
104,45,469.593,166.177,501.66700000000003,218.399
105,8,186.476,84.7366,227.368,260.7366
105,38,498.224,104.485,571.116,269.03
105,42,328.384,113.831,384.664,264.814
105,43,401.166,110.787,434.687,239.06
105,44,548.678,110.899,612.31,267.841
105,45,469.593,166.177,501.66700000000003,218.399
106,8,186.476,84.7366,227.368,260.7366
106,38,498.224,104.485,571.116,269.03
106,42,328.384,113.831,384.664,264.814
106,43,401.166,110.787,434.687,239.06
106,44,548.678,110.899,612.31,267.841
106,45,469.593,166.177,501.66700000000003,218.399
107,8,186.476,84.7366,227.368,260.7366
107,38,498.224,104.485,571.116,269.03
107,42,328.384,113.831,384.664,264.814
107,43,401.166,110.787,434.687,239.06
107,44,548.678,110.899,612.31,267.841
108,8,186.476,84.7366,227.368,260.7366
108,38,498.224,104.485,571.116,269.03
108,42,328.384,113.831,384.664,264.814
108,43,401.166,110.787,434.687,239.06
108,44,548.678,110.899,612.31,267.841
109,8,186.476,84.7366,227.368,260.7366
109,38,498.224,104.485,571.116,269.03
109,42,328.384,113.831,384.664,264.814
109,43,401.166,110.787,434.687,239.06
109,44,548.678,110.899,612.31,267.841
109,46,477.075,117.322,550.002,262.967
110,8,186.476,84.7366,227.368,260.7366
110,38,498.224,104.485,571.116,269.03
110,42,328.384,113.831,384.664,264.814
110,43,401.166,110.787,434.687,239.06
110,44,548.678,110.899,612.31,267.841
110,46,477.075,117.322,550.002,262.967
111,8,186.476,84.7366,227.368,260.7366
111,38,498.224,104.485,571.116,269.03
111,42,328.384,113.831,384.664,264.814
111,43,401.166,110.787,434.687,239.06
111,44,548.678,110.899,612.31,267.841
111,46,477.075,117.322,550.002,262.967
112,8,186.476,84.7366,227.368,260.7366
112,38,498.224,104.485,571.116,269.03
112,42,328.384,113.831,384.664,264.814
112,43,401.166,110.787,434.687,239.06
112,44,548.678,110.899,612.31,267.841
112,46,477.075,117.322,550.002,262.967
113,8,186.476,84.7366,227.368,260.7366
113,38,498.224,104.485,571.116,269.03
113,42,328.384,113.831,384.664,264.814
113,43,401.166,110.787,434.687,239.06
113,44,548.678,110.899,612.31,267.841
113,46,477.075,117.322,550.002,262.967
114,8,186.476,84.7366,227.368,260.7366
114,38,498.224,104.485,571.116,269.03
114,42,328.384,113.831,384.664,264.814
114,43,401.166,110.787,434.687,239.06
114,44,548.678,110.899,612.31,267.841
114,46,477.075,117.322,550.002,262.967
114,47,589.842,93.9494,639.0,277.9914
115,8,186.476,84.7366,227.368,260.7366
115,38,498.224,104.485,571.116,269.03
115,42,328.384,113.831,384.664,264.814
115,43,401.166,110.787,434.687,239.06
115,46,477.075,117.322,550.002,262.967
115,47,589.842,93.9494,639.0,277.9914
116,8,186.476,84.7366,227.368,260.7366
116,38,498.224,104.485,571.116,269.03
116,42,328.384,113.831,384.664,264.814
116,43,401.166,110.787,434.687,239.06
116,46,477.075,117.322,550.002,262.967
116,47,589.842,93.9494,639.0,277.9914
117,8,186.476,84.7366,227.368,260.7366
117,38,498.224,104.485,571.116,269.03
117,42,328.384,113.831,384.664,264.814
117,43,401.166,110.787,434.687,239.06
117,46,477.075,117.322,550.002,262.967
117,47,589.842,93.9494,639.0,277.9914
117,48,456.403,132.184,507.398,269.175
118,8,186.476,84.7366,227.368,260.7366
118,38,498.224,104.485,571.116,269.03
118,42,328.384,113.831,384.664,264.814
118,43,401.166,110.787,434.687,239.06
118,47,589.842,93.9494,639.0,277.9914
118,48,456.403,132.184,507.398,269.175
119,8,186.476,84.7366,227.368,260.7366
119,38,498.224,104.485,571.116,269.03
119,42,328.384,113.831,384.664,264.814
119,43,401.166,110.787,434.687,239.06
119,47,589.842,93.9494,639.0,277.9914
119,48,456.403,132.184,507.398,269.175
120,8,186.476,84.7366,227.368,260.7366
120,38,498.224,104.485,571.116,269.03
120,42,328.384,113.831,384.664,264.814
120,43,401.166,110.787,434.687,239.06
120,47,589.842,93.9494,639.0,277.9914
120,48,456.403,132.184,507.398,269.175
120,49,303.602,89.0109,349.32599999999996,257.8269
121,8,186.476,84.7366,227.368,260.7366
121,38,498.224,104.485,571.116,269.03
121,43,401.166,110.787,434.687,239.06
121,47,589.842,93.9494,639.0,277.9914
121,48,456.403,132.184,507.398,269.175
121,49,303.602,89.0109,349.32599999999996,257.8269
122,8,186.476,84.7366,227.368,260.7366
122,38,498.224,104.485,571.116,269.03
122,43,401.166,110.787,434.687,239.06
122,47,589.842,93.9494,639.0,277.9914
122,48,456.403,132.184,507.398,269.175
122,49,303.602,89.0109,349.32599999999996,257.8269
123,8,186.476,84.7366,227.368,260.7366
123,38,498.224,104.485,571.116,269.03
123,43,401.166,110.787,434.687,239.06
123,47,589.842,93.9494,639.0,277.9914
123,48,456.403,132.184,507.398,269.175
123,49,303.602,89.0109,349.32599999999996,257.8269
124,8,186.476,84.7366,227.368,260.7366
124,38,498.224,104.485,571.116,269.03
124,43,401.166,110.787,434.687,239.06
124,47,589.842,93.9494,639.0,277.9914
124,48,456.403,132.184,507.398,269.175
124,49,303.602,89.0109,349.32599999999996,257.8269
125,8,186.476,84.7366,227.368,260.7366
125,38,498.224,104.485,571.116,269.03
125,43,401.166,110.787,434.687,239.06
125,48,456.403,132.184,507.398,269.175
125,49,303.602,89.0109,349.32599999999996,257.8269
125,50,438.314,111.605,479.73,279.486
126,8,186.476,84.7366,227.368,260.7366
126,38,498.224,104.485,571.116,269.03
126,43,401.166,110.787,434.687,239.06
126,49,303.602,89.0109,349.32599999999996,257.8269
126,50,438.314,111.605,479.73,279.486
127,8,186.476,84.7366,227.368,260.7366
127,38,498.224,104.485,571.116,269.03
127,43,401.166,110.787,434.687,239.06
127,49,303.602,89.0109,349.32599999999996,257.8269
127,50,438.314,111.605,479.73,279.486
128,8,186.476,84.7366,227.368,260.7366
128,38,498.224,104.485,571.116,269.03
128,43,401.166,110.787,434.687,239.06
128,49,303.602,89.0109,349.32599999999996,257.8269
128,50,438.314,111.605,479.73,279.486
129,8,186.476,84.7366,227.368,260.7366
129,38,498.224,104.485,571.116,269.03
129,43,401.166,110.787,434.687,239.06
129,49,303.602,89.0109,349.32599999999996,257.8269
129,50,438.314,111.605,479.73,279.486
129,51,503.645,155.651,534.914,256.798
130,8,186.476,84.7366,227.368,260.7366
130,38,498.224,104.485,571.116,269.03
130,43,401.166,110.787,434.687,239.06
130,49,303.602,89.0109,349.32599999999996,257.8269
130,50,438.314,111.605,479.73,279.486
130,51,503.645,155.651,534.914,256.798
131,8,186.476,84.7366,227.368,260.7366
131,38,498.224,104.485,571.116,269.03
131,43,401.166,110.787,434.687,239.06
131,49,303.602,89.0109,349.32599999999996,257.8269
131,50,438.314,111.605,479.73,279.486
131,51,503.645,155.651,534.914,256.798
132,8,186.476,84.7366,227.368,260.7366
132,38,498.224,104.485,571.116,269.03
132,43,401.166,110.787,434.687,239.06
132,49,303.602,89.0109,349.32599999999996,257.8269
132,50,438.314,111.605,479.73,279.486
132,51,503.645,155.651,534.914,256.798
133,8,186.476,84.7366,227.368,260.7366
133,38,498.224,104.485,571.116,269.03
133,43,401.166,110.787,434.687,239.06
133,49,303.602,89.0109,349.32599999999996,257.8269
133,51,503.645,155.651,534.914,256.798
134,8,186.476,84.7366,227.368,260.7366
134,38,498.224,104.485,571.116,269.03
134,43,401.166,110.787,434.687,239.06
134,49,303.602,89.0109,349.32599999999996,257.8269
134,51,503.645,155.651,534.914,256.798
135,8,186.476,84.7366,227.368,260.7366
135,43,401.166,110.787,434.687,239.06
135,49,303.602,89.0109,349.32599999999996,257.8269
135,51,503.645,155.651,534.914,256.798
136,8,186.476,84.7366,227.368,260.7366
136,43,401.166,110.787,434.687,239.06
136,49,303.602,89.0109,349.32599999999996,257.8269
136,51,503.645,155.651,534.914,256.798
136,52,467.417,111.067,531.886,255.449
137,8,186.476,84.7366,227.368,260.7366
137,43,401.166,110.787,434.687,239.06
137,49,303.602,89.0109,349.32599999999996,257.8269
137,52,467.417,111.067,531.886,255.449
138,8,186.476,84.7366,227.368,260.7366
138,43,401.166,110.787,434.687,239.06
138,49,303.602,89.0109,349.32599999999996,257.8269
138,52,467.417,111.067,531.886,255.449
138,53,1.69421,126.483,59.76501,248.135
139,8,186.476,84.7366,227.368,260.7366
139,43,401.166,110.787,434.687,239.06
139,49,303.602,89.0109,349.32599999999996,257.8269
139,52,467.417,111.067,531.886,255.449
139,53,1.69421,126.483,59.76501,248.135
140,8,186.476,84.7366,227.368,260.7366
140,43,401.166,110.787,434.687,239.06
140,49,303.602,89.0109,349.32599999999996,257.8269
140,52,467.417,111.067,531.886,255.449
140,53,1.69421,126.483,59.76501,248.135
141,8,186.476,84.7366,227.368,260.7366
141,43,401.166,110.787,434.687,239.06
141,49,303.602,89.0109,349.32599999999996,257.8269
141,52,467.417,111.067,531.886,255.449
141,53,1.69421,126.483,59.76501,248.135
142,8,186.476,84.7366,227.368,260.7366
142,43,401.166,110.787,434.687,239.06
142,49,303.602,89.0109,349.32599999999996,257.8269
142,52,467.417,111.067,531.886,255.449
142,53,1.69421,126.483,59.76501,248.135
143,8,186.476,84.7366,227.368,260.7366
143,43,401.166,110.787,434.687,239.06
143,49,303.602,89.0109,349.32599999999996,257.8269
143,52,467.417,111.067,531.886,255.449
143,53,1.69421,126.483,59.76501,248.135
144,8,186.476,84.7366,227.368,260.7366
144,43,401.166,110.787,434.687,239.06
144,49,303.602,89.0109,349.32599999999996,257.8269
144,52,467.417,111.067,531.886,255.449
144,53,1.69421,126.483,59.76501,248.135
144,54,274.224,92.8469,324.59499999999997,259.7459
145,8,186.476,84.7366,227.368,260.7366
145,43,401.166,110.787,434.687,239.06
145,52,467.417,111.067,531.886,255.449
145,53,1.69421,126.483,59.76501,248.135
145,54,274.224,92.8469,324.59499999999997,259.7459
146,8,186.476,84.7366,227.368,260.7366
146,43,401.166,110.787,434.687,239.06
146,52,467.417,111.067,531.886,255.449
146,53,1.69421,126.483,59.76501,248.135
146,54,274.224,92.8469,324.59499999999997,259.7459
147,8,186.476,84.7366,227.368,260.7366
147,43,401.166,110.787,434.687,239.06
147,52,467.417,111.067,531.886,255.449
147,53,1.69421,126.483,59.76501,248.135
147,54,274.224,92.8469,324.59499999999997,259.7459
147,55,425.283,121.999,458.44,264.13800000000003
148,8,186.476,84.7366,227.368,260.7366
148,43,401.166,110.787,434.687,239.06
148,52,467.417,111.067,531.886,255.449
148,53,1.69421,126.483,59.76501,248.135
148,54,274.224,92.8469,324.59499999999997,259.7459
148,55,425.283,121.999,458.44,264.13800000000003
148,56,365.444,132.283,415.401,253.736
149,8,186.476,84.7366,227.368,260.7366
149,43,401.166,110.787,434.687,239.06
149,52,467.417,111.067,531.886,255.449
149,53,1.69421,126.483,59.76501,248.135
149,54,274.224,92.8469,324.59499999999997,259.7459
149,55,425.283,121.999,458.44,264.13800000000003
149,56,365.444,132.283,415.401,253.736
150,8,186.476,84.7366,227.368,260.7366
150,43,401.166,110.787,434.687,239.06
150,52,467.417,111.067,531.886,255.449
150,53,1.69421,126.483,59.76501,248.135
150,54,274.224,92.8469,324.59499999999997,259.7459
150,55,425.283,121.999,458.44,264.13800000000003
150,56,365.444,132.283,415.401,253.736
151,8,186.476,84.7366,227.368,260.7366
151,43,401.166,110.787,434.687,239.06
151,52,467.417,111.067,531.886,255.449
151,53,1.69421,126.483,59.76501,248.135
151,54,274.224,92.8469,324.59499999999997,259.7459
151,55,425.283,121.999,458.44,264.13800000000003
151,56,365.444,132.283,415.401,253.736
151,57,26.2626,110.124,101.92599999999999,293.637
152,8,186.476,84.7366,227.368,260.7366
152,43,401.166,110.787,434.687,239.06
152,52,467.417,111.067,531.886,255.449
152,54,274.224,92.8469,324.59499999999997,259.7459
152,55,425.283,121.999,458.44,264.13800000000003
152,56,365.444,132.283,415.401,253.736
152,57,26.2626,110.124,101.92599999999999,293.637
153,8,186.476,84.7366,227.368,260.7366
153,43,401.166,110.787,434.687,239.06
153,52,467.417,111.067,531.886,255.449
153,54,274.224,92.8469,324.59499999999997,259.7459
153,55,425.283,121.999,458.44,264.13800000000003
153,56,365.444,132.283,415.401,253.736
153,57,26.2626,110.124,101.92599999999999,293.637
154,8,186.476,84.7366,227.368,260.7366
154,43,401.166,110.787,434.687,239.06
154,52,467.417,111.067,531.886,255.449
154,54,274.224,92.8469,324.59499999999997,259.7459
154,55,425.283,121.999,458.44,264.13800000000003
154,56,365.444,132.283,415.401,253.736
154,57,26.2626,110.124,101.92599999999999,293.637
155,8,186.476,84.7366,227.368,260.7366
155,52,467.417,111.067,531.886,255.449
155,54,274.224,92.8469,324.59499999999997,259.7459
155,55,425.283,121.999,458.44,264.13800000000003
155,56,365.444,132.283,415.401,253.736
155,57,26.2626,110.124,101.92599999999999,293.637
156,8,186.476,84.7366,227.368,260.7366
156,52,467.417,111.067,531.886,255.449
156,54,274.224,92.8469,324.59499999999997,259.7459
156,55,425.283,121.999,458.44,264.13800000000003
156,56,365.444,132.283,415.401,253.736
156,57,26.2626,110.124,101.92599999999999,293.637
157,8,186.476,84.7366,227.368,260.7366
157,52,467.417,111.067,531.886,255.449
157,54,274.224,92.8469,324.59499999999997,259.7459
157,55,425.283,121.999,458.44,264.13800000000003
157,56,365.444,132.283,415.401,253.736
157,57,26.2626,110.124,101.92599999999999,293.637
158,8,186.476,84.7366,227.368,260.7366
158,52,467.417,111.067,531.886,255.449
158,54,274.224,92.8469,324.59499999999997,259.7459
158,55,425.283,121.999,458.44,264.13800000000003
158,56,365.444,132.283,415.401,253.736
158,57,26.2626,110.124,101.92599999999999,293.637
159,8,186.476,84.7366,227.368,260.7366
159,52,467.417,111.067,531.886,255.449
159,54,274.224,92.8469,324.59499999999997,259.7459
159,55,425.283,121.999,458.44,264.13800000000003
159,56,365.444,132.283,415.401,253.736
159,57,26.2626,110.124,101.92599999999999,293.637
159,59,446.696,110.415,493.11400000000003,257.991
160,8,186.476,84.7366,227.368,260.7366
160,54,274.224,92.8469,324.59499999999997,259.7459
160,55,425.283,121.999,458.44,264.13800000000003
160,56,365.444,132.283,415.401,253.736
160,57,26.2626,110.124,101.92599999999999,293.637
160,59,446.696,110.415,493.11400000000003,257.991
160,60,76.5824,104.908,139.16500000000002,293.028
161,8,186.476,84.7366,227.368,260.7366
161,54,274.224,92.8469,324.59499999999997,259.7459
161,55,425.283,121.999,458.44,264.13800000000003
161,56,365.444,132.283,415.401,253.736
161,59,446.696,110.415,493.11400000000003,257.991
161,60,76.5824,104.908,139.16500000000002,293.028
162,8,186.476,84.7366,227.368,260.7366
162,54,274.224,92.8469,324.59499999999997,259.7459
162,55,425.283,121.999,458.44,264.13800000000003
162,56,365.444,132.283,415.401,253.736
162,59,446.696,110.415,493.11400000000003,257.991
162,60,76.5824,104.908,139.16500000000002,293.028
162,61,345.718,121.874,388.997,268.24
163,8,186.476,84.7366,227.368,260.7366
163,54,274.224,92.8469,324.59499999999997,259.7459
163,55,425.283,121.999,458.44,264.13800000000003
163,59,446.696,110.415,493.11400000000003,257.991
163,60,76.5824,104.908,139.16500000000002,293.028
163,61,345.718,121.874,388.997,268.24
164,8,186.476,84.7366,227.368,260.7366
164,54,274.224,92.8469,324.59499999999997,259.7459
164,55,425.283,121.999,458.44,264.13800000000003
164,59,446.696,110.415,493.11400000000003,257.991
164,60,76.5824,104.908,139.16500000000002,293.028
164,61,345.718,121.874,388.997,268.24
165,8,186.476,84.7366,227.368,260.7366
165,54,274.224,92.8469,324.59499999999997,259.7459
165,55,425.283,121.999,458.44,264.13800000000003
165,59,446.696,110.415,493.11400000000003,257.991
165,60,76.5824,104.908,139.16500000000002,293.028
165,61,345.718,121.874,388.997,268.24
166,8,186.476,84.7366,227.368,260.7366
166,54,274.224,92.8469,324.59499999999997,259.7459
166,55,425.283,121.999,458.44,264.13800000000003
166,59,446.696,110.415,493.11400000000003,257.991
166,60,76.5824,104.908,139.16500000000002,293.028
166,61,345.718,121.874,388.997,268.24
167,8,186.476,84.7366,227.368,260.7366
167,54,274.224,92.8469,324.59499999999997,259.7459
167,55,425.283,121.999,458.44,264.13800000000003
167,59,446.696,110.415,493.11400000000003,257.991
167,60,76.5824,104.908,139.16500000000002,293.028
167,61,345.718,121.874,388.997,268.24
167,62,111.461,94.0048,168.14600000000002,280.7148
168,8,186.476,84.7366,227.368,260.7366
168,54,274.224,92.8469,324.59499999999997,259.7459
168,55,425.283,121.999,458.44,264.13800000000003
168,59,446.696,110.415,493.11400000000003,257.991
168,61,345.718,121.874,388.997,268.24
168,62,111.461,94.0048,168.14600000000002,280.7148
169,8,186.476,84.7366,227.368,260.7366
169,54,274.224,92.8469,324.59499999999997,259.7459
169,55,425.283,121.999,458.44,264.13800000000003
169,59,446.696,110.415,493.11400000000003,257.991
169,61,345.718,121.874,388.997,268.24
169,62,111.461,94.0048,168.14600000000002,280.7148
169,63,395.198,114.978,438.12,265.014
170,8,186.476,84.7366,227.368,260.7366
170,54,274.224,92.8469,324.59499999999997,259.7459
170,59,446.696,110.415,493.11400000000003,257.991
170,61,345.718,121.874,388.997,268.24
170,62,111.461,94.0048,168.14600000000002,280.7148
170,63,395.198,114.978,438.12,265.014
171,8,186.476,84.7366,227.368,260.7366
171,54,274.224,92.8469,324.59499999999997,259.7459
171,59,446.696,110.415,493.11400000000003,257.991
171,61,345.718,121.874,388.997,268.24
171,62,111.461,94.0048,168.14600000000002,280.7148
171,63,395.198,114.978,438.12,265.014
172,8,186.476,84.7366,227.368,260.7366
172,54,274.224,92.8469,324.59499999999997,259.7459
172,59,446.696,110.415,493.11400000000003,257.991
172,61,345.718,121.874,388.997,268.24
172,62,111.461,94.0048,168.14600000000002,280.7148
172,63,395.198,114.978,438.12,265.014
173,8,186.476,84.7366,227.368,260.7366
173,54,274.224,92.8469,324.59499999999997,259.7459
173,59,446.696,110.415,493.11400000000003,257.991
173,61,345.718,121.874,388.997,268.24
173,62,111.461,94.0048,168.14600000000002,280.7148
173,63,395.198,114.978,438.12,265.014
174,8,186.476,84.7366,227.368,260.7366
174,54,274.224,92.8469,324.59499999999997,259.7459
174,59,446.696,110.415,493.11400000000003,257.991
174,61,345.718,121.874,388.997,268.24
174,62,111.461,94.0048,168.14600000000002,280.7148
174,63,395.198,114.978,438.12,265.014
175,8,186.476,84.7366,227.368,260.7366
175,54,274.224,92.8469,324.59499999999997,259.7459
175,59,446.696,110.415,493.11400000000003,257.991
175,61,345.718,121.874,388.997,268.24
175,62,111.461,94.0048,168.14600000000002,280.7148
175,63,395.198,114.978,438.12,265.014
175,58,324.819,105.2,354.32,226.198
176,8,186.476,84.7366,227.368,260.7366
176,54,274.224,92.8469,324.59499999999997,259.7459
176,59,446.696,110.415,493.11400000000003,257.991
176,61,345.718,121.874,388.997,268.24
176,62,111.461,94.0048,168.14600000000002,280.7148
176,63,395.198,114.978,438.12,265.014
176,58,324.819,105.2,354.32,226.198
177,8,186.476,84.7366,227.368,260.7366
177,54,274.224,92.8469,324.59499999999997,259.7459
177,59,446.696,110.415,493.11400000000003,257.991
177,62,111.461,94.0048,168.14600000000002,280.7148
177,63,395.198,114.978,438.12,265.014
177,58,324.819,105.2,354.32,226.198
178,8,186.476,84.7366,227.368,260.7366
178,54,274.224,92.8469,324.59499999999997,259.7459
178,59,446.696,110.415,493.11400000000003,257.991
178,62,111.461,94.0048,168.14600000000002,280.7148
178,63,395.198,114.978,438.12,265.014
178,58,324.819,105.2,354.32,226.198
178,64,143.108,89.3297,201.565,279.6157
179,8,186.476,84.7366,227.368,260.7366
179,54,274.224,92.8469,324.59499999999997,259.7459
179,59,446.696,110.415,493.11400000000003,257.991
179,63,395.198,114.978,438.12,265.014
179,58,324.819,105.2,354.32,226.198
179,64,143.108,89.3297,201.565,279.6157
180,8,186.476,84.7366,227.368,260.7366
180,54,274.224,92.8469,324.59499999999997,259.7459
180,59,446.696,110.415,493.11400000000003,257.991
180,63,395.198,114.978,438.12,265.014
180,58,324.819,105.2,354.32,226.198
180,64,143.108,89.3297,201.565,279.6157
